Character to attribute mapping:
  G: ?
  A: cattle
  B: domestic-mammal
  C: human
  D: mammal
  E: poultry
  F: wild-bird


Substitution rate (mu): 85.313174

Equilibrium frequencies (pi_i):
  A: 0.0878
  B: 0.2131
  C: 0.1584
  D: 0.212
  E: 0.1522
  F: 0.1765

Symmetrized rates from j->i (W_ij):
	A	B	C	D	E	F
  A	0	1.3435	0.2963	0.3057	0.8705	0.8597
  B	1.3435	0	0.2126	0.2115	0.5128	0.2128
  C	0.2963	0.2126	0	0.2127	0.2315	0.2258
  D	0.3057	0.2115	0.2127	0	0.7126	1.6944
  E	0.8705	0.5128	0.2315	0.7126	0	10.919
  F	0.8597	0.2128	0.2258	1.6944	10.919	0

Actual rates from j->i (Q_ij):
	A	B	C	D	E	F
  A	0	0.118	0.026	0.0268	0.0764	0.0755
  B	0.2863	0	0.0453	0.0451	0.1093	0.0454
  C	0.0469	0.0337	0	0.0337	0.0367	0.0358
  D	0.0648	0.0449	0.0451	0	0.1511	0.3593
  E	0.1325	0.078	0.0352	0.1084	0	1.6617
  F	0.1517	0.0376	0.0399	0.2991	1.9271	0

