Character to attribute mapping:
  G: ?
  A: cattle
  B: domestic-mammal
  C: human
  D: mammal
  E: poultry
  F: wild-bird


Substitution rate (mu): 85.686705

Equilibrium frequencies (pi_i):
  A: 0.0716
  B: 0.2058
  C: 0.1681
  D: 0.2137
  E: 0.1397
  F: 0.2011

Symmetrized rates from j->i (W_ij):
	A	B	C	D	E	F
  A	0	0.7828	0.2924	0.5427	1.181	1.1501
  B	0.7828	0	0.2009	0.2022	0.7724	0.2938
  C	0.2924	0.2009	0	0.2015	0.197	0.1926
  D	0.5427	0.2022	0.2015	0	0.5451	1.3007
  E	1.181	0.7724	0.197	0.5451	0	10.9452
  F	1.1501	0.2938	0.1926	1.3007	10.9452	0

Actual rates from j->i (Q_ij):
	A	B	C	D	E	F
  A	0	0.056	0.0209	0.0388	0.0845	0.0823
  B	0.1611	0	0.0413	0.0416	0.159	0.0605
  C	0.0492	0.0338	0	0.0339	0.0331	0.0324
  D	0.1159	0.0432	0.043	0	0.1165	0.2779
  E	0.165	0.1079	0.0275	0.0762	0	1.5291
  F	0.2313	0.0591	0.0387	0.2616	2.2014	0

