Character to attribute mapping:
  p: ?
  A: Arizona
  B: Arkansas
  C: California
  D: Colorado
  E: Connecticut
  F: Delaware
  G: Florida
  H: Georgia
  I: Idaho
  J: Illinois
  K: Indiana
  L: Iowa
  M: Kansas
  N: Kentucky
  O: Louisiana
  P: MA
  Q: ME
  R: Maine
  S: Maryland
  T: Massachusetts
  U: Michigan
  V: Minnesota
  W: Mississippi
  X: Missouri
  Y: Montana
  Z: Nebraska
  [: New_Hampshire
  \: New_Jersey
  ]: New_Mexico
  ^: New_York
  _: North_Carolina
  `: North_Dakota
  a: Ohio
  b: Oklahoma
  c: Oregon
  d: Pennsylvania
  e: South_Carolina
  f: South_Dakota
  g: Tennessee
  h: Texas
  i: USA
  j: Utah
  k: Vermont
  l: Virginia
  m: Washington
  n: Wisconsin
  o: Wyoming


Substitution rate (mu): 170.834725

Equilibrium frequencies (pi_i):
  A: 0.0231
  B: 0.0223
  C: 0.0204
  D: 0.0217
  E: 0.0233
  F: 0.0228
  G: 0.0197
  H: 0.0237
  I: 0.0178
  J: 0.023
  K: 0.0232
  L: 0.0197
  M: 0.0158
  N: 0.0232
  O: 0.0219
  P: 0.0243
  Q: 0.0234
  R: 0.0234
  S: 0.0225
  T: 0.0245
  U: 0.0176
  V: 0.0156
  W: 0.0229
  X: 0.0203
  Y: 0.0194
  Z: 0.0221
  [: 0.0235
  \: 0.0225
  ]: 0.0136
  ^: 0.0229
  _: 0.022
  `: 0.0131
  a: 0.0215
  b: 0.0233
  c: 0.0224
  d: 0.0229
  e: 0.0237
  f: 0.0136
  g: 0.0226
  h: 0.0174
  i: 0.0233
  j: 0.0225
  k: 0.0229
  l: 0.0237
  m: 0.0234
  n: 0.0197
  o: 0.0221

Symmetrized rates from j->i (W_ij):
	A	B	C	D	E	F	G	H	I	J	K	L	M	N	O	P	Q	R	S	T	U	V	W	X	Y	Z	[	\	]	^	_	`	a	b	c	d	e	f	g	h	i	j	k	l	m	n	o
  A	0	0.9271	0.9365	0.9275	0.9266	0.9269	0.9303	0.9268	0.9279	0.9269	0.9281	0.9352	0.928	0.9272	0.9265	0.9275	0.9268	0.927	1.0207	0.9273	0.926	0.9593	0.9266	0.928	1.0319	0.9271	0.9269	0.9274	0.9261	0.9366	0.9279	0.9344	0.9277	1.1564	0.9277	0.9266	0.9278	1.1683	0.9271	0.926	0.9268	0.9275	0.9266	0.9271	0.9278	0.9302	0.9267
  B	0.9271	0	1.1488	0.9275	0.9267	0.927	0.9309	0.9269	0.9972	0.9272	0.9286	0.9355	0.9281	1.0941	0.9267	0.9276	0.9269	0.9272	0.9342	0.9274	0.9262	1.2932	0.9267	0.9287	0.9289	0.9273	0.927	0.9276	0.9262	0.9372	0.9282	0.9355	0.9278	0.9273	0.9285	0.9267	0.9278	0.944	0.9437	0.9415	0.9269	0.9274	0.9267	0.9272	0.928	0.9334	0.9269
  C	0.9365	1.1488	0	0.9417	0.9357	0.937	1.0345	0.936	1.1694	1.3268	1.0674	1.9515	0.9379	1.2815	0.9355	0.9372	0.9359	0.9367	0.9737	0.9383	0.936	2.4484	0.9354	1.0599	1.5369	0.9368	0.9364	0.9375	1.0987	1.0441	1.4081	1.0591	0.9385	0.9391	3.0114	0.9354	0.9375	1.3001	0.9474	1.552	0.9362	0.9388	0.9354	0.938	1.9178	1.1342	0.9364
  D	0.9275	0.9275	0.9417	0	0.927	0.9273	0.9382	0.9272	0.9322	0.9274	0.9291	1.2194	0.9299	0.9278	0.927	0.9279	0.9272	0.9275	0.9348	0.9278	0.9271	1.0431	0.9269	1.2873	0.9346	0.9276	0.9273	0.9278	0.9277	0.937	0.9285	1.2167	0.9284	0.9309	1.0823	0.9269	0.9287	1.3047	0.928	1.3774	0.9272	0.9279	0.9269	0.9275	1.0809	0.9315	0.9271
  E	0.9266	0.9267	0.9357	0.927	0	0.9265	0.9299	0.9264	0.9275	0.9265	0.9276	0.9342	0.9276	0.9269	0.9262	1.0027	0.9268	0.9273	0.9336	1.3923	0.9257	0.9539	0.9262	0.9275	0.9273	0.9267	0.9266	0.927	0.9257	0.9361	0.9302	0.9335	0.9272	0.9268	0.9271	0.9262	0.9273	0.9304	0.9267	0.9251	0.9264	0.9269	0.9262	0.9267	0.927	0.9297	0.9263
  F	0.9269	0.927	0.937	0.9273	0.9265	0	0.931	0.9267	0.9277	0.9268	0.928	0.935	0.928	0.9272	0.9264	0.9276	0.9268	0.9272	0.9342	0.9275	0.9261	1.0761	0.9265	0.9873	0.9277	0.9275	0.929	0.9276	0.9259	1.4108	1.1088	0.9346	0.9277	0.9271	0.9274	0.9265	0.9286	0.9332	0.927	0.9255	0.9267	0.9272	0.9265	0.9331	0.9273	0.9303	0.9266
  G	0.9303	0.9309	1.0345	0.9382	0.9299	0.931	0	0.9307	0.9356	0.9304	1.2918	1.1476	0.9317	0.9315	0.9298	0.9316	0.9303	0.9956	0.9619	0.9317	1.4664	2.6568	0.9298	0.9372	0.9385	0.9307	0.9306	1.0101	0.929	1.6269	1.8744	1.2081	1.1369	0.9312	0.9328	0.9298	1.4015	0.968	0.9315	1.1898	1.6931	0.9311	0.9298	0.9983	0.9327	1.0678	0.9304
  H	0.9268	0.9269	0.936	0.9272	0.9264	0.9267	0.9307	0	0.9277	0.9267	0.9278	0.9343	0.9278	0.9271	0.9263	0.9273	0.9266	0.9269	0.9339	0.9271	0.9267	0.9546	0.9264	0.9282	0.9277	0.9269	0.9267	0.9272	0.9258	0.9364	0.9279	0.9338	0.9273	0.9269	0.9273	0.9264	2.0579	0.9311	1.2025	0.9253	0.9266	0.927	0.9264	0.9713	0.9272	0.9303	0.9265
  I	0.9279	0.9972	1.1694	0.9322	0.9275	0.9277	0.9356	0.9277	0	0.928	0.9291	0.936	0.9538	0.9586	0.9867	0.9282	0.9276	0.928	0.9348	0.9281	0.928	1.4021	0.9274	0.9297	1.2642	0.928	0.9277	0.9282	0.9298	0.9372	0.9291	1.7324	0.9289	0.9282	1.1824	0.9274	0.9286	1.026	1.0761	3.1629	0.9277	0.9283	0.9274	0.9279	1.0711	0.9646	1.4007
  J	0.9269	0.9272	1.3268	0.9274	0.9265	0.9268	0.9304	0.9267	0.928	0	0.985	1.0985	0.9279	0.9276	0.9264	0.9274	0.9267	0.927	0.9343	0.9273	0.926	0.9565	0.9265	0.9792	0.9277	0.9271	0.9269	0.9273	0.9259	0.9375	0.9282	0.9345	0.9276	0.9271	0.9279	0.9265	0.9276	0.9312	0.927	0.9257	0.9268	0.9272	0.9265	0.9271	0.9276	0.9301	0.9266
  K	0.9281	0.9286	1.0674	0.9291	0.9276	0.928	1.2918	0.9278	0.9291	0.985	0	1.5027	1.0644	1.7046	0.9275	0.9286	0.9278	0.9282	0.9383	0.9285	0.9319	1.1534	0.9275	2.5099	0.9297	1.2145	0.928	0.929	0.9267	0.9402	0.9298	1.2278	1.7658	0.9481	0.9292	0.9275	0.9294	1.376	0.9282	0.9286	1.1585	0.929	0.9275	0.9285	0.9288	1.045	0.9277
  L	0.9352	0.9355	1.9515	1.2194	0.9342	0.935	1.1476	0.9343	0.936	1.0985	1.5027	0	0.9392	1.0463	0.9335	1.0375	0.9344	0.936	1.2522	1.3315	0.9333	3.6525	0.9339	1.2382	0.9415	0.9717	1.0204	1.0046	0.9307	1.0255	1.1725	2.1852	0.9951	0.9553	0.9366	0.9339	0.9373	2.3215	0.935	0.9361	0.9351	1.0599	0.9339	0.9355	0.9506	0.9695	0.9346
  M	0.928	0.9281	0.9379	0.9299	0.9276	0.928	0.9317	0.9278	0.9538	0.9279	1.0644	0.9392	0	0.9451	0.9277	0.9285	0.9278	0.9282	0.9346	0.9284	0.9277	0.9998	0.9276	1.2042	0.9292	1.7572	0.928	0.9282	1.6708	0.9362	1.2233	2.1817	0.9321	0.9282	0.9296	0.9276	0.9289	1.1485	0.9284	5.6152	0.9279	0.9285	0.9276	0.9284	0.9293	1.2921	0.9278
  N	0.9272	1.0941	1.2815	0.9278	0.9269	0.9272	0.9315	0.9271	0.9586	0.9276	1.7046	1.0463	0.9451	0	0.9268	0.9278	0.9271	0.9274	0.9348	0.9276	0.9265	1.1321	0.9268	1.544	0.9287	1.042	0.9272	0.9278	0.9263	0.9381	0.9285	0.9364	1.0624	0.9275	0.9285	0.9268	0.9281	0.9385	0.9336	0.9328	0.9273	0.9276	0.9268	0.9275	0.9281	0.9466	0.927
  O	0.9265	0.9267	0.9355	0.927	0.9262	0.9264	0.9298	0.9263	0.9867	0.9264	0.9275	0.9335	0.9277	0.9268	0	0.927	0.9264	0.9266	0.9331	0.9268	0.9258	0.9547	0.9261	0.9273	0.9331	0.9266	0.9265	0.9269	0.9259	0.9355	0.9274	0.9355	0.9271	0.9267	0.9273	0.9261	0.9271	0.931	0.9267	1.3451	0.9264	0.9268	0.9261	0.9266	0.9272	0.9295	0.9263
  P	0.9275	0.9276	0.9372	0.9279	1.0027	0.9276	0.9316	0.9273	0.9282	0.9274	0.9286	1.0375	0.9285	0.9278	0.927	0	1.1426	1.4541	0.9348	2.9543	0.9264	0.9567	0.927	0.9286	0.9281	0.9276	1.3742	0.9279	0.9262	0.9379	1.4834	0.9346	0.928	0.9276	0.928	0.927	0.9284	0.9313	0.9275	0.9259	0.9273	0.9278	0.927	0.9278	0.9279	0.9306	0.9271
  Q	0.9268	0.9269	0.9359	0.9272	0.9268	0.9268	0.9303	0.9266	0.9276	0.9267	0.9278	0.9344	0.9278	0.9271	0.9264	1.1426	0	1.3928	0.9338	0.9941	0.9259	0.9542	0.9264	0.9277	0.9275	0.9269	0.927	0.9272	0.9258	0.9363	0.9676	0.9337	0.9274	0.927	0.9273	0.9264	0.9275	0.9305	0.9269	0.9252	0.9267	0.9271	0.9264	0.9269	0.9272	0.9298	0.9265
  R	0.927	0.9272	0.9367	0.9275	0.9273	0.9272	0.9956	0.9269	0.928	0.927	0.9282	0.936	0.9282	0.9274	0.9266	1.4541	1.3928	0	0.9346	1.3984	0.9262	1.3416	0.9266	0.9284	0.9279	0.9272	0.9279	0.9276	0.9259	0.9376	1.4599	1.028	0.9277	0.9272	0.9276	0.9266	0.9279	0.9316	0.9272	0.9258	0.927	0.9274	0.9266	0.9273	0.9275	0.9307	0.9268
  S	1.0207	0.9342	0.9737	0.9348	0.9336	0.9342	0.9619	0.9339	0.9348	0.9343	0.9383	1.2522	0.9346	0.9348	0.9331	0.9348	0.9338	0.9346	0	0.9353	0.9325	1.1736	0.9334	0.9373	0.9801	0.9344	0.9341	0.9368	0.9307	0.9877	0.9358	1.4348	0.9365	1.0414	0.9358	0.9334	0.9355	1.3726	0.9342	0.9331	0.9341	1.0207	0.9334	0.9349	0.9358	1.5695	0.9341
  T	0.9273	0.9274	0.9383	0.9278	1.3923	0.9275	0.9317	0.9271	0.9281	0.9273	0.9285	1.3315	0.9284	0.9276	0.9268	2.9543	0.9941	1.3984	0.9353	0	0.9263	0.9591	0.9269	0.9286	0.928	0.9274	0.9974	0.928	0.9261	1.4066	1.425	0.9351	0.9281	0.9275	0.9278	0.9269	0.9282	0.9316	0.9274	0.9257	0.9271	0.9277	0.9269	0.9276	0.9278	0.9306	0.9269
  U	0.926	0.9262	0.936	0.9271	0.9257	0.9261	1.4664	0.9267	0.928	0.926	0.9319	0.9333	0.9277	0.9265	0.9258	0.9264	0.9259	0.9262	0.9325	0.9263	0	0.9549	0.9257	0.9355	0.9271	0.9263	0.926	0.9279	0.9261	1.8727	0.9276	0.9329	3.5697	0.9262	0.9271	0.9257	1.2094	0.9316	0.9265	4.1103	0.9685	0.9266	0.9257	1.2077	0.927	1.041	0.9258
  V	0.9593	1.2932	2.4484	1.0431	0.9539	1.0761	2.6568	0.9546	1.4021	0.9565	1.1534	3.6525	0.9998	1.1321	0.9547	0.9567	0.9542	1.3416	1.1736	0.9591	0.9549	0	0.9533	2.959	2.4948	1.2153	0.9595	1.2485	1.0014	1.706	1.2229	10.2576	1.1109	0.989	1.2034	0.9533	0.9642	6.9318	1.1729	1.4831	0.9573	1.0542	0.9533	0.9706	1.0719	3.0235	1.2951
  W	0.9266	0.9267	0.9354	0.9269	0.9262	0.9265	0.9298	0.9264	0.9274	0.9265	0.9275	0.9339	0.9276	0.9268	0.9261	0.927	0.9264	0.9266	0.9334	0.9269	0.9257	0.9533	0	0.9274	0.9273	0.9267	0.9265	0.927	0.9256	0.9358	0.9274	0.9334	0.9271	0.9267	0.927	0.9261	0.9272	0.9303	0.9266	0.925	0.9264	0.9268	0.9261	0.9266	0.927	0.9296	0.9263
  X	0.928	0.9287	1.0599	1.2873	0.9275	0.9873	0.9372	0.9282	0.9297	0.9792	2.5099	1.2382	1.2042	1.544	0.9273	0.9286	0.9277	0.9284	0.9373	0.9286	0.9355	2.959	0.9274	0	0.9309	1.3875	0.9303	0.9289	0.9267	1.0079	1.0526	2.0607	1.0267	0.9284	1.3979	0.9274	1.0644	1.8433	0.9284	0.9297	0.9279	0.9286	0.9274	1.4159	0.9291	1.1641	0.9278
  Y	1.0319	0.9289	1.5369	0.9346	0.9273	0.9277	0.9385	0.9277	1.2642	0.9277	0.9297	0.9415	0.9292	0.9287	0.9331	0.9281	0.9275	0.9279	0.9801	0.928	0.9271	2.4948	0.9273	0.9309	0	0.9279	0.9276	0.9284	1.3285	0.9395	0.9292	0.943	0.9309	1.3172	1.2236	0.9273	1.0774	3.1585	0.9322	1.6428	0.9275	0.9548	0.9273	0.9279	1.8434	0.9367	1.2306
  Z	0.9271	0.9273	0.9368	0.9276	0.9267	0.9275	0.9307	0.9269	0.928	0.9271	1.2145	0.9717	1.7572	1.042	0.9266	0.9276	0.9269	0.9272	0.9344	0.9274	0.9263	1.2153	0.9267	1.3875	0.9279	0	0.927	0.9275	0.9264	0.9375	0.9293	1.4037	0.9652	0.9273	0.9277	0.9267	0.9278	0.9463	0.9272	0.9276	0.927	0.9274	0.9267	0.9273	0.9275	0.9319	0.9268
  [	0.9269	0.927	0.9364	0.9273	0.9266	0.929	0.9306	0.9267	0.9277	0.9269	0.928	1.0204	0.928	0.9272	0.9265	1.3742	0.927	0.9279	0.9341	0.9974	0.926	0.9595	0.9265	0.9303	0.9276	0.927	0	0.9273	0.9258	0.94	1.6433	0.9341	0.9275	0.9271	0.9274	0.9265	0.9453	0.9309	0.927	0.9255	0.9267	0.9272	0.9265	0.9504	0.9273	0.93	0.9266
  \	0.9274	0.9276	0.9375	0.9278	0.927	0.9276	1.0101	0.9272	0.9282	0.9273	0.929	1.0046	0.9282	0.9278	0.9269	0.9279	0.9272	0.9276	0.9368	0.928	0.9279	1.2485	0.927	0.9289	0.9284	0.9275	0.9273	0	0.9262	1.1817	0.9287	0.9397	1.0755	0.9276	0.9279	0.927	0.9281	0.9344	0.9275	0.9263	0.9275	0.9279	0.927	0.9277	0.9279	0.9342	0.9272
  ]	0.9261	0.9262	1.0987	0.9277	0.9257	0.9259	0.929	0.9258	0.9298	0.9259	0.9267	0.9307	1.6708	0.9263	0.9259	0.9262	0.9258	0.9259	0.9307	0.9261	0.9261	1.0014	0.9256	0.9267	1.3285	0.9264	0.9258	0.9262	0	0.9325	0.9275	0.9325	0.9266	1.3918	0.9282	0.9256	0.9264	0.9373	0.9265	8.8216	0.9258	0.9261	0.9256	0.9259	0.9507	0.9286	0.9258
  ^	0.9366	0.9372	1.0441	0.937	0.9361	1.4108	1.6269	0.9364	0.9372	0.9375	0.9402	1.0255	0.9362	0.9381	0.9355	0.9379	0.9363	0.9376	0.9877	1.4066	1.8727	1.706	0.9358	1.0079	0.9395	0.9375	0.94	1.1817	0.9325	0	1.1626	0.9751	1.3444	0.9375	0.9406	0.9358	0.9402	0.9627	0.9367	0.936	0.9377	0.9391	0.9358	1.422	0.9395	0.9666	0.9366
  _	0.9279	0.9282	1.4081	0.9285	0.9302	1.1088	1.8744	0.9279	0.9291	0.9282	0.9298	1.1725	1.2233	0.9285	0.9274	1.4834	0.9676	1.4599	0.9358	1.425	0.9276	1.2229	0.9274	1.0526	0.9292	0.9293	1.6433	0.9287	0.9275	1.1626	0	0.9371	0.929	0.9281	0.9289	0.9274	1.4145	0.9376	0.9281	1.1681	0.9279	0.9283	0.9274	1.4198	0.929	0.9322	0.9276
  `	0.9344	0.9355	1.0591	1.2167	0.9335	0.9346	1.2081	0.9338	1.7324	0.9345	1.2278	2.1852	2.1817	0.9364	0.9355	0.9346	0.9337	1.028	1.4348	0.9351	0.9329	10.2576	0.9334	2.0607	0.943	1.4037	0.9341	0.9397	0.9325	0.9751	0.9371	0	0.9385	0.9364	0.9755	0.9334	0.9354	3.3423	0.9361	1.1807	0.934	1.3282	0.9334	0.9348	0.957	2.2502	1.3988
  a	0.9277	0.9278	0.9385	0.9284	0.9272	0.9277	1.1369	0.9273	0.9289	0.9276	1.7658	0.9951	0.9321	1.0624	0.9271	0.928	0.9274	0.9277	0.9365	0.9281	3.5697	1.1109	0.9271	1.0267	0.9309	0.9652	0.9275	1.0755	0.9266	1.3444	0.929	0.9385	0	0.9376	0.9285	0.9271	0.9291	1.5242	0.9278	1.9115	1.384	1.2429	0.9271	0.9282	0.9287	0.9361	0.9273
  b	1.1564	0.9273	0.9391	0.9309	0.9268	0.9271	0.9312	0.9269	0.9282	0.9271	0.9481	0.9553	0.9282	0.9275	0.9267	0.9276	0.927	0.9272	1.0414	0.9275	0.9262	0.989	0.9267	0.9284	1.3172	0.9273	0.9271	0.9276	1.3918	0.9375	0.9281	0.9364	0.9376	0	0.928	0.9267	0.9291	1.6996	0.9273	0.9268	0.927	0.9279	0.9267	0.9272	0.9282	0.9326	0.927
  c	0.9277	0.9285	3.0114	1.0823	0.9271	0.9274	0.9328	0.9273	1.1824	0.9279	0.9292	0.9366	0.9296	0.9285	0.9273	0.928	0.9273	0.9276	0.9358	0.9278	0.9271	1.2034	0.927	1.3979	1.2236	0.9277	0.9274	0.9279	0.9282	0.9406	0.9289	0.9755	0.9285	0.928	0	0.927	0.9284	1.3866	0.928	1.1085	0.9273	0.9282	0.927	0.9276	1.6894	0.9317	0.9274
  d	0.9266	0.9267	0.9354	0.9269	0.9262	0.9265	0.9298	0.9264	0.9274	0.9265	0.9275	0.9339	0.9276	0.9268	0.9261	0.927	0.9264	0.9266	0.9334	0.9269	0.9257	0.9533	0.9261	0.9274	0.9273	0.9267	0.9265	0.927	0.9256	0.9358	0.9274	0.9334	0.9271	0.9267	0.927	0	0.9272	0.9303	0.9266	0.925	0.9264	0.9268	0.9261	0.9266	0.927	0.9296	0.9263
  e	0.9278	0.9278	0.9375	0.9287	0.9273	0.9286	1.4015	2.0579	0.9286	0.9276	0.9294	0.9373	0.9289	0.9281	0.9271	0.9284	0.9275	0.9279	0.9355	0.9282	1.2094	0.9642	0.9272	1.0644	1.0774	0.9278	0.9453	0.9281	0.9264	0.9402	1.4145	0.9354	0.9291	0.9291	0.9284	0.9272	0	1.3065	1.157	0.9278	0.9281	0.9282	0.9272	1.8803	0.9285	1.2214	0.9274
  f	1.1683	0.944	1.3001	1.3047	0.9304	0.9332	0.968	0.9311	1.026	0.9312	1.376	2.3215	1.1485	0.9385	0.931	0.9313	0.9305	0.9316	1.3726	0.9316	0.9316	6.9318	0.9303	1.8433	3.1585	0.9463	0.9309	0.9344	0.9373	0.9627	0.9376	3.3423	1.5242	1.6996	1.3866	0.9303	1.3065	0	1.0379	3.1038	0.9313	1.8537	0.9303	0.9319	1.5962	1.3716	0.9319
  g	0.9271	0.9437	0.9474	0.928	0.9267	0.927	0.9315	1.2025	1.0761	0.927	0.9282	0.935	0.9284	0.9336	0.9267	0.9275	0.9269	0.9272	0.9342	0.9274	0.9265	1.1729	0.9266	0.9284	0.9322	0.9272	0.927	0.9275	0.9265	0.9367	0.9281	0.9361	0.9278	0.9273	0.928	0.9266	1.157	1.0379	0	1.056	0.9269	0.9274	0.9266	0.9274	0.9279	0.9621	0.9269
  h	0.926	0.9415	1.552	1.3774	0.9251	0.9255	1.1898	0.9253	3.1629	0.9257	0.9286	0.9361	5.6152	0.9328	1.3451	0.9259	0.9252	0.9258	0.9331	0.9257	4.1103	1.4831	0.925	0.9297	1.6428	0.9276	0.9255	0.9263	8.8216	0.936	1.1681	1.1807	1.9115	0.9268	1.1085	0.925	0.9278	3.1038	1.056	0	0.9257	0.9268	0.925	0.926	1.0766	1.0444	0.926
  i	0.9268	0.9269	0.9362	0.9272	0.9264	0.9267	1.6931	0.9266	0.9277	0.9268	1.1585	0.9351	0.9279	0.9273	0.9264	0.9273	0.9267	0.927	0.9341	0.9271	0.9685	0.9573	0.9264	0.9279	0.9275	0.927	0.9267	0.9275	0.9258	0.9377	0.9279	0.934	1.384	0.927	0.9273	0.9264	0.9281	0.9313	0.9269	0.9257	0	0.9272	0.9264	0.9271	0.9273	0.9304	0.9265
  j	0.9275	0.9274	0.9388	0.9279	0.9269	0.9272	0.9311	0.927	0.9283	0.9272	0.929	1.0599	0.9285	0.9276	0.9268	0.9278	0.9271	0.9274	1.0207	0.9277	0.9266	1.0542	0.9268	0.9286	0.9548	0.9274	0.9272	0.9279	0.9261	0.9391	0.9283	1.3282	1.2429	0.9279	0.9282	0.9268	0.9282	1.8537	0.9274	0.9268	0.9272	0	0.9268	0.9274	0.9325	0.9312	0.9271
  k	0.9266	0.9267	0.9354	0.9269	0.9262	0.9265	0.9298	0.9264	0.9274	0.9265	0.9275	0.9339	0.9276	0.9268	0.9261	0.927	0.9264	0.9266	0.9334	0.9269	0.9257	0.9533	0.9261	0.9274	0.9273	0.9267	0.9265	0.927	0.9256	0.9358	0.9274	0.9334	0.9271	0.9267	0.927	0.9261	0.9272	0.9303	0.9266	0.925	0.9264	0.9268	0	0.9266	0.927	0.9296	0.9263
  l	0.9271	0.9272	0.938	0.9275	0.9267	0.9331	0.9983	0.9713	0.9279	0.9271	0.9285	0.9355	0.9284	0.9275	0.9266	0.9278	0.9269	0.9273	0.9349	0.9276	1.2077	0.9706	0.9266	1.4159	0.9279	0.9273	0.9504	0.9277	0.9259	1.422	1.4198	0.9348	0.9282	0.9272	0.9276	0.9266	1.8803	0.9319	0.9274	0.926	0.9271	0.9274	0.9266	0	0.9275	1.034	0.9267
  m	0.9278	0.928	1.9178	1.0809	0.927	0.9273	0.9327	0.9272	1.0711	0.9276	0.9288	0.9506	0.9293	0.9281	0.9272	0.9279	0.9272	0.9275	0.9358	0.9278	0.927	1.0719	0.927	0.9291	1.8434	0.9275	0.9273	0.9279	0.9507	0.9395	0.929	0.957	0.9287	0.9282	1.6894	0.927	0.9285	1.5962	0.9279	1.0766	0.9273	0.9325	0.927	0.9275	0	0.9314	0.9274
  n	0.9302	0.9334	1.1342	0.9315	0.9297	0.9303	1.0678	0.9303	0.9646	0.9301	1.045	0.9695	1.2921	0.9466	0.9295	0.9306	0.9298	0.9307	1.5695	0.9306	1.041	3.0235	0.9296	1.1641	0.9367	0.9319	0.93	0.9342	0.9286	0.9666	0.9322	2.2502	0.9361	0.9326	0.9317	0.9296	1.2214	1.3716	0.9621	1.0444	0.9304	0.9312	0.9296	1.034	0.9314	0	0.9303
  o	0.9267	0.9269	0.9364	0.9271	0.9263	0.9266	0.9304	0.9265	1.4007	0.9266	0.9277	0.9346	0.9278	0.927	0.9263	0.9271	0.9265	0.9268	0.9341	0.9269	0.9258	1.2951	0.9263	0.9278	1.2306	0.9268	0.9266	0.9272	0.9258	0.9366	0.9276	1.3988	0.9273	0.927	0.9274	0.9263	0.9274	0.9319	0.9269	0.926	0.9265	0.9271	0.9263	0.9267	0.9274	0.9303	0

Actual rates from j->i (Q_ij):
	A	B	C	D	E	F	G	H	I	J	K	L	M	N	O	P	Q	R	S	T	U	V	W	X	Y	Z	[	\	]	^	_	`	a	b	c	d	e	f	g	h	i	j	k	l	m	n	o
  A	0	0.0214	0.0216	0.0214	0.0214	0.0214	0.0215	0.0214	0.0214	0.0214	0.0214	0.0216	0.0214	0.0214	0.0214	0.0214	0.0214	0.0214	0.0236	0.0214	0.0214	0.0221	0.0214	0.0214	0.0238	0.0214	0.0214	0.0214	0.0214	0.0216	0.0214	0.0216	0.0214	0.0267	0.0214	0.0214	0.0214	0.027	0.0214	0.0214	0.0214	0.0214	0.0214	0.0214	0.0214	0.0215	0.0214
  B	0.0207	0	0.0256	0.0207	0.0207	0.0207	0.0208	0.0207	0.0222	0.0207	0.0207	0.0209	0.0207	0.0244	0.0207	0.0207	0.0207	0.0207	0.0208	0.0207	0.0206	0.0288	0.0207	0.0207	0.0207	0.0207	0.0207	0.0207	0.0206	0.0209	0.0207	0.0209	0.0207	0.0207	0.0207	0.0207	0.0207	0.021	0.021	0.021	0.0207	0.0207	0.0207	0.0207	0.0207	0.0208	0.0207
  C	0.0191	0.0234	0	0.0192	0.0191	0.0191	0.0211	0.0191	0.0238	0.027	0.0218	0.0398	0.0191	0.0261	0.0191	0.0191	0.0191	0.0191	0.0198	0.0191	0.0191	0.0499	0.0191	0.0216	0.0313	0.0191	0.0191	0.0191	0.0224	0.0213	0.0287	0.0216	0.0191	0.0191	0.0614	0.0191	0.0191	0.0265	0.0193	0.0316	0.0191	0.0191	0.0191	0.0191	0.0391	0.0231	0.0191
  D	0.0201	0.0201	0.0204	0	0.0201	0.0201	0.0203	0.0201	0.0202	0.0201	0.0201	0.0264	0.0201	0.0201	0.0201	0.0201	0.0201	0.0201	0.0202	0.0201	0.0201	0.0226	0.0201	0.0279	0.0202	0.0201	0.0201	0.0201	0.0201	0.0203	0.0201	0.0263	0.0201	0.0202	0.0234	0.0201	0.0201	0.0283	0.0201	0.0298	0.0201	0.0201	0.0201	0.0201	0.0234	0.0202	0.0201
  E	0.0216	0.0216	0.0218	0.0216	0	0.0216	0.0217	0.0216	0.0216	0.0216	0.0216	0.0218	0.0216	0.0216	0.0216	0.0234	0.0216	0.0216	0.0218	0.0325	0.0216	0.0222	0.0216	0.0216	0.0216	0.0216	0.0216	0.0216	0.0216	0.0218	0.0217	0.0218	0.0216	0.0216	0.0216	0.0216	0.0216	0.0217	0.0216	0.0216	0.0216	0.0216	0.0216	0.0216	0.0216	0.0217	0.0216
  F	0.0211	0.0212	0.0214	0.0212	0.0211	0	0.0212	0.0211	0.0212	0.0211	0.0212	0.0213	0.0212	0.0212	0.0211	0.0212	0.0211	0.0212	0.0213	0.0212	0.0211	0.0246	0.0211	0.0225	0.0212	0.0212	0.0212	0.0212	0.0211	0.0322	0.0253	0.0213	0.0212	0.0212	0.0212	0.0211	0.0212	0.0213	0.0211	0.0211	0.0211	0.0212	0.0211	0.0213	0.0212	0.0212	0.0211
  G	0.0183	0.0183	0.0203	0.0185	0.0183	0.0183	0	0.0183	0.0184	0.0183	0.0254	0.0226	0.0183	0.0183	0.0183	0.0183	0.0183	0.0196	0.0189	0.0183	0.0288	0.0523	0.0183	0.0184	0.0185	0.0183	0.0183	0.0199	0.0183	0.032	0.0369	0.0238	0.0224	0.0183	0.0183	0.0183	0.0276	0.019	0.0183	0.0234	0.0333	0.0183	0.0183	0.0196	0.0183	0.021	0.0183
  H	0.022	0.022	0.0222	0.022	0.022	0.022	0.0221	0	0.022	0.022	0.022	0.0222	0.022	0.022	0.022	0.022	0.022	0.022	0.0221	0.022	0.022	0.0226	0.022	0.022	0.022	0.022	0.022	0.022	0.022	0.0222	0.022	0.0221	0.022	0.022	0.022	0.022	0.0488	0.0221	0.0285	0.0219	0.022	0.022	0.022	0.023	0.022	0.0221	0.022
  I	0.0165	0.0178	0.0208	0.0166	0.0165	0.0165	0.0167	0.0165	0	0.0165	0.0166	0.0167	0.017	0.0171	0.0176	0.0165	0.0165	0.0165	0.0167	0.0165	0.0165	0.025	0.0165	0.0166	0.0225	0.0165	0.0165	0.0165	0.0166	0.0167	0.0166	0.0309	0.0166	0.0165	0.0211	0.0165	0.0165	0.0183	0.0192	0.0564	0.0165	0.0165	0.0165	0.0165	0.0191	0.0172	0.025
  J	0.0213	0.0213	0.0305	0.0213	0.0213	0.0213	0.0214	0.0213	0.0214	0	0.0227	0.0253	0.0214	0.0214	0.0213	0.0213	0.0213	0.0213	0.0215	0.0213	0.0213	0.022	0.0213	0.0225	0.0214	0.0213	0.0213	0.0213	0.0213	0.0216	0.0214	0.0215	0.0214	0.0213	0.0214	0.0213	0.0214	0.0214	0.0213	0.0213	0.0213	0.0213	0.0213	0.0213	0.0214	0.0214	0.0213
  K	0.0215	0.0216	0.0248	0.0216	0.0215	0.0215	0.03	0.0215	0.0216	0.0229	0	0.0349	0.0247	0.0396	0.0215	0.0216	0.0215	0.0215	0.0218	0.0215	0.0216	0.0268	0.0215	0.0582	0.0216	0.0282	0.0215	0.0216	0.0215	0.0218	0.0216	0.0285	0.041	0.022	0.0216	0.0215	0.0216	0.0319	0.0215	0.0216	0.0269	0.0216	0.0215	0.0215	0.0216	0.0243	0.0215
  L	0.0185	0.0185	0.0385	0.0241	0.0184	0.0184	0.0226	0.0184	0.0185	0.0217	0.0297	0	0.0185	0.0206	0.0184	0.0205	0.0184	0.0185	0.0247	0.0263	0.0184	0.0721	0.0184	0.0244	0.0186	0.0192	0.0201	0.0198	0.0184	0.0202	0.0231	0.0431	0.0196	0.0189	0.0185	0.0184	0.0185	0.0458	0.0184	0.0185	0.0185	0.0209	0.0184	0.0185	0.0188	0.0191	0.0184
  M	0.0146	0.0146	0.0148	0.0147	0.0146	0.0146	0.0147	0.0146	0.015	0.0146	0.0168	0.0148	0	0.0149	0.0146	0.0146	0.0146	0.0146	0.0147	0.0146	0.0146	0.0158	0.0146	0.019	0.0146	0.0277	0.0146	0.0146	0.0263	0.0148	0.0193	0.0344	0.0147	0.0146	0.0147	0.0146	0.0146	0.0181	0.0146	0.0885	0.0146	0.0146	0.0146	0.0146	0.0146	0.0204	0.0146
  N	0.0215	0.0254	0.0297	0.0215	0.0215	0.0215	0.0216	0.0215	0.0222	0.0215	0.0395	0.0243	0.0219	0	0.0215	0.0215	0.0215	0.0215	0.0217	0.0215	0.0215	0.0262	0.0215	0.0358	0.0215	0.0242	0.0215	0.0215	0.0215	0.0218	0.0215	0.0217	0.0246	0.0215	0.0215	0.0215	0.0215	0.0218	0.0216	0.0216	0.0215	0.0215	0.0215	0.0215	0.0215	0.0219	0.0215
  O	0.0203	0.0203	0.0205	0.0203	0.0203	0.0203	0.0203	0.0203	0.0216	0.0203	0.0203	0.0204	0.0203	0.0203	0	0.0203	0.0203	0.0203	0.0204	0.0203	0.0203	0.0209	0.0203	0.0203	0.0204	0.0203	0.0203	0.0203	0.0203	0.0205	0.0203	0.0205	0.0203	0.0203	0.0203	0.0203	0.0203	0.0204	0.0203	0.0294	0.0203	0.0203	0.0203	0.0203	0.0203	0.0203	0.0203
  P	0.0226	0.0226	0.0228	0.0226	0.0244	0.0226	0.0227	0.0225	0.0226	0.0226	0.0226	0.0252	0.0226	0.0226	0.0225	0	0.0278	0.0354	0.0227	0.0718	0.0225	0.0233	0.0225	0.0226	0.0226	0.0226	0.0334	0.0226	0.0225	0.0228	0.0361	0.0227	0.0226	0.0226	0.0226	0.0225	0.0226	0.0226	0.0226	0.0225	0.0225	0.0226	0.0225	0.0226	0.0226	0.0226	0.0225
  Q	0.0217	0.0217	0.0219	0.0217	0.0217	0.0217	0.0217	0.0216	0.0217	0.0217	0.0217	0.0218	0.0217	0.0217	0.0216	0.0267	0	0.0325	0.0218	0.0232	0.0216	0.0223	0.0216	0.0217	0.0217	0.0217	0.0217	0.0217	0.0216	0.0219	0.0226	0.0218	0.0217	0.0217	0.0217	0.0216	0.0217	0.0217	0.0217	0.0216	0.0216	0.0217	0.0216	0.0217	0.0217	0.0217	0.0216
  R	0.0217	0.0217	0.0219	0.0217	0.0217	0.0217	0.0233	0.0216	0.0217	0.0216	0.0217	0.0219	0.0217	0.0217	0.0216	0.034	0.0325	0	0.0218	0.0327	0.0216	0.0313	0.0216	0.0217	0.0217	0.0217	0.0217	0.0217	0.0216	0.0219	0.0341	0.024	0.0217	0.0217	0.0217	0.0216	0.0217	0.0218	0.0217	0.0216	0.0217	0.0217	0.0216	0.0217	0.0217	0.0217	0.0216
  S	0.023	0.021	0.0219	0.021	0.021	0.021	0.0216	0.021	0.021	0.021	0.0211	0.0282	0.021	0.021	0.021	0.021	0.021	0.021	0	0.021	0.021	0.0264	0.021	0.0211	0.022	0.021	0.021	0.0211	0.0209	0.0222	0.021	0.0323	0.0211	0.0234	0.021	0.021	0.021	0.0309	0.021	0.021	0.021	0.023	0.021	0.021	0.021	0.0353	0.021
  T	0.0227	0.0227	0.023	0.0227	0.0341	0.0227	0.0228	0.0227	0.0228	0.0227	0.0228	0.0326	0.0228	0.0227	0.0227	0.0724	0.0244	0.0343	0.0229	0	0.0227	0.0235	0.0227	0.0228	0.0228	0.0227	0.0245	0.0228	0.0227	0.0345	0.0349	0.0229	0.0228	0.0227	0.0227	0.0227	0.0228	0.0228	0.0227	0.0227	0.0227	0.0227	0.0227	0.0227	0.0227	0.0228	0.0227
  U	0.0163	0.0163	0.0164	0.0163	0.0163	0.0163	0.0257	0.0163	0.0163	0.0163	0.0164	0.0164	0.0163	0.0163	0.0163	0.0163	0.0163	0.0163	0.0164	0.0163	0	0.0168	0.0163	0.0164	0.0163	0.0163	0.0163	0.0163	0.0163	0.0329	0.0163	0.0164	0.0627	0.0163	0.0163	0.0163	0.0212	0.0164	0.0163	0.0722	0.017	0.0163	0.0163	0.0212	0.0163	0.0183	0.0163
  V	0.0149	0.0202	0.0382	0.0163	0.0149	0.0168	0.0414	0.0149	0.0219	0.0149	0.018	0.0569	0.0156	0.0176	0.0149	0.0149	0.0149	0.0209	0.0183	0.0149	0.0149	0	0.0149	0.0461	0.0389	0.0189	0.015	0.0195	0.0156	0.0266	0.0191	0.1599	0.0173	0.0154	0.0188	0.0149	0.015	0.108	0.0183	0.0231	0.0149	0.0164	0.0149	0.0151	0.0167	0.0471	0.0202
  W	0.0212	0.0212	0.0214	0.0212	0.0212	0.0212	0.0213	0.0212	0.0212	0.0212	0.0212	0.0214	0.0212	0.0212	0.0212	0.0212	0.0212	0.0212	0.0213	0.0212	0.0212	0.0218	0	0.0212	0.0212	0.0212	0.0212	0.0212	0.0212	0.0214	0.0212	0.0213	0.0212	0.0212	0.0212	0.0212	0.0212	0.0213	0.0212	0.0212	0.0212	0.0212	0.0212	0.0212	0.0212	0.0213	0.0212
  X	0.0188	0.0188	0.0215	0.0261	0.0188	0.02	0.019	0.0188	0.0188	0.0199	0.0509	0.0251	0.0244	0.0313	0.0188	0.0188	0.0188	0.0188	0.019	0.0188	0.019	0.06	0.0188	0	0.0189	0.0281	0.0189	0.0188	0.0188	0.0204	0.0213	0.0418	0.0208	0.0188	0.0283	0.0188	0.0216	0.0374	0.0188	0.0188	0.0188	0.0188	0.0188	0.0287	0.0188	0.0236	0.0188
  Y	0.0201	0.0181	0.0299	0.0182	0.018	0.018	0.0182	0.018	0.0246	0.018	0.0181	0.0183	0.0181	0.018	0.0181	0.018	0.018	0.018	0.019	0.018	0.018	0.0485	0.018	0.0181	0	0.018	0.018	0.018	0.0258	0.0183	0.0181	0.0183	0.0181	0.0256	0.0238	0.018	0.0209	0.0614	0.0181	0.0319	0.018	0.0186	0.018	0.018	0.0358	0.0182	0.0239
  Z	0.0205	0.0205	0.0207	0.0205	0.0205	0.0205	0.0206	0.0205	0.0205	0.0205	0.0268	0.0215	0.0388	0.023	0.0205	0.0205	0.0205	0.0205	0.0207	0.0205	0.0205	0.0269	0.0205	0.0307	0.0205	0	0.0205	0.0205	0.0205	0.0207	0.0205	0.031	0.0213	0.0205	0.0205	0.0205	0.0205	0.0209	0.0205	0.0205	0.0205	0.0205	0.0205	0.0205	0.0205	0.0206	0.0205
  [	0.0218	0.0218	0.022	0.0218	0.0218	0.0219	0.0219	0.0218	0.0218	0.0218	0.0218	0.024	0.0218	0.0218	0.0218	0.0323	0.0218	0.0218	0.022	0.0235	0.0218	0.0226	0.0218	0.0219	0.0218	0.0218	0	0.0218	0.0218	0.0221	0.0387	0.022	0.0218	0.0218	0.0218	0.0218	0.0222	0.0219	0.0218	0.0218	0.0218	0.0218	0.0218	0.0224	0.0218	0.0219	0.0218
  \	0.0208	0.0208	0.0211	0.0209	0.0208	0.0208	0.0227	0.0208	0.0209	0.0208	0.0209	0.0226	0.0209	0.0209	0.0208	0.0209	0.0208	0.0208	0.0211	0.0209	0.0209	0.0281	0.0208	0.0209	0.0209	0.0208	0.0208	0	0.0208	0.0266	0.0209	0.0211	0.0242	0.0208	0.0209	0.0208	0.0209	0.021	0.0208	0.0208	0.0208	0.0209	0.0208	0.0209	0.0209	0.021	0.0208
  ]	0.0126	0.0126	0.015	0.0126	0.0126	0.0126	0.0126	0.0126	0.0127	0.0126	0.0126	0.0127	0.0227	0.0126	0.0126	0.0126	0.0126	0.0126	0.0127	0.0126	0.0126	0.0136	0.0126	0.0126	0.0181	0.0126	0.0126	0.0126	0	0.0127	0.0126	0.0127	0.0126	0.019	0.0126	0.0126	0.0126	0.0128	0.0126	0.1201	0.0126	0.0126	0.0126	0.0126	0.0129	0.0126	0.0126
  ^	0.0214	0.0214	0.0239	0.0214	0.0214	0.0323	0.0372	0.0214	0.0214	0.0214	0.0215	0.0234	0.0214	0.0214	0.0214	0.0214	0.0214	0.0214	0.0226	0.0322	0.0428	0.039	0.0214	0.023	0.0215	0.0214	0.0215	0.027	0.0213	0	0.0266	0.0223	0.0307	0.0214	0.0215	0.0214	0.0215	0.022	0.0214	0.0214	0.0214	0.0215	0.0214	0.0325	0.0215	0.0221	0.0214
  _	0.0204	0.0204	0.0309	0.0204	0.0204	0.0244	0.0412	0.0204	0.0204	0.0204	0.0204	0.0258	0.0269	0.0204	0.0204	0.0326	0.0213	0.0321	0.0206	0.0313	0.0204	0.0269	0.0204	0.0231	0.0204	0.0204	0.0361	0.0204	0.0204	0.0255	0	0.0206	0.0204	0.0204	0.0204	0.0204	0.0311	0.0206	0.0204	0.0257	0.0204	0.0204	0.0204	0.0312	0.0204	0.0205	0.0204
  `	0.0123	0.0123	0.0139	0.016	0.0123	0.0123	0.0159	0.0123	0.0227	0.0123	0.0161	0.0287	0.0286	0.0123	0.0123	0.0123	0.0123	0.0135	0.0188	0.0123	0.0122	0.1346	0.0123	0.027	0.0124	0.0184	0.0123	0.0123	0.0122	0.0128	0.0123	0	0.0123	0.0123	0.0128	0.0123	0.0123	0.0439	0.0123	0.0155	0.0123	0.0174	0.0123	0.0123	0.0126	0.0295	0.0184
  a	0.02	0.02	0.0202	0.02	0.02	0.02	0.0245	0.02	0.02	0.02	0.038	0.0214	0.0201	0.0229	0.02	0.02	0.02	0.02	0.0202	0.02	0.0769	0.0239	0.02	0.0221	0.0201	0.0208	0.02	0.0232	0.02	0.029	0.02	0.0202	0	0.0202	0.02	0.02	0.02	0.0328	0.02	0.0412	0.0298	0.0268	0.02	0.02	0.02	0.0202	0.02
  b	0.0269	0.0216	0.0219	0.0217	0.0216	0.0216	0.0217	0.0216	0.0216	0.0216	0.0221	0.0222	0.0216	0.0216	0.0216	0.0216	0.0216	0.0216	0.0242	0.0216	0.0216	0.023	0.0216	0.0216	0.0307	0.0216	0.0216	0.0216	0.0324	0.0218	0.0216	0.0218	0.0218	0	0.0216	0.0216	0.0216	0.0396	0.0216	0.0216	0.0216	0.0216	0.0216	0.0216	0.0216	0.0217	0.0216
  c	0.0208	0.0208	0.0675	0.0243	0.0208	0.0208	0.0209	0.0208	0.0265	0.0208	0.0208	0.021	0.0208	0.0208	0.0208	0.0208	0.0208	0.0208	0.021	0.0208	0.0208	0.027	0.0208	0.0313	0.0274	0.0208	0.0208	0.0208	0.0208	0.0211	0.0208	0.0219	0.0208	0.0208	0	0.0208	0.0208	0.0311	0.0208	0.0248	0.0208	0.0208	0.0208	0.0208	0.0379	0.0209	0.0208
  d	0.0212	0.0212	0.0214	0.0212	0.0212	0.0212	0.0213	0.0212	0.0212	0.0212	0.0212	0.0214	0.0212	0.0212	0.0212	0.0212	0.0212	0.0212	0.0213	0.0212	0.0212	0.0218	0.0212	0.0212	0.0212	0.0212	0.0212	0.0212	0.0212	0.0214	0.0212	0.0213	0.0212	0.0212	0.0212	0	0.0212	0.0213	0.0212	0.0212	0.0212	0.0212	0.0212	0.0212	0.0212	0.0213	0.0212
  e	0.022	0.022	0.0223	0.022	0.022	0.022	0.0333	0.0489	0.022	0.022	0.0221	0.0223	0.0221	0.022	0.022	0.022	0.022	0.022	0.0222	0.022	0.0287	0.0229	0.022	0.0253	0.0256	0.022	0.0224	0.022	0.022	0.0223	0.0336	0.0222	0.0221	0.0221	0.022	0.022	0	0.031	0.0275	0.022	0.022	0.022	0.022	0.0446	0.022	0.029	0.022
  f	0.0159	0.0128	0.0176	0.0177	0.0126	0.0127	0.0131	0.0126	0.0139	0.0126	0.0187	0.0315	0.0156	0.0127	0.0126	0.0126	0.0126	0.0126	0.0186	0.0126	0.0126	0.0941	0.0126	0.025	0.0429	0.0128	0.0126	0.0127	0.0127	0.0131	0.0127	0.0454	0.0207	0.0231	0.0188	0.0126	0.0177	0	0.0141	0.0421	0.0126	0.0252	0.0126	0.0126	0.0217	0.0186	0.0126
  g	0.021	0.0214	0.0214	0.021	0.021	0.021	0.0211	0.0272	0.0244	0.021	0.021	0.0212	0.021	0.0211	0.021	0.021	0.021	0.021	0.0211	0.021	0.021	0.0266	0.021	0.021	0.0211	0.021	0.021	0.021	0.021	0.0212	0.021	0.0212	0.021	0.021	0.021	0.021	0.0262	0.0235	0	0.0239	0.021	0.021	0.021	0.021	0.021	0.0218	0.021
  h	0.0161	0.0164	0.0271	0.024	0.0161	0.0161	0.0207	0.0161	0.0551	0.0161	0.0162	0.0163	0.0979	0.0163	0.0235	0.0161	0.0161	0.0161	0.0163	0.0161	0.0717	0.0259	0.0161	0.0162	0.0286	0.0162	0.0161	0.0162	0.1538	0.0163	0.0204	0.0206	0.0333	0.0162	0.0193	0.0161	0.0162	0.0541	0.0184	0	0.0161	0.0162	0.0161	0.0161	0.0188	0.0182	0.0161
  i	0.0216	0.0216	0.0218	0.0216	0.0216	0.0216	0.0395	0.0216	0.0216	0.0216	0.027	0.0218	0.0217	0.0216	0.0216	0.0216	0.0216	0.0216	0.0218	0.0216	0.0226	0.0223	0.0216	0.0217	0.0216	0.0216	0.0216	0.0216	0.0216	0.0219	0.0217	0.0218	0.0323	0.0216	0.0216	0.0216	0.0217	0.0217	0.0216	0.0216	0	0.0216	0.0216	0.0216	0.0216	0.0217	0.0216
  j	0.0209	0.0208	0.0211	0.0209	0.0208	0.0208	0.0209	0.0208	0.0209	0.0208	0.0209	0.0238	0.0209	0.0209	0.0208	0.0209	0.0208	0.0208	0.0229	0.0209	0.0208	0.0237	0.0208	0.0209	0.0215	0.0209	0.0208	0.0209	0.0208	0.0211	0.0209	0.0299	0.0279	0.0209	0.0209	0.0208	0.0209	0.0417	0.0208	0.0208	0.0208	0	0.0208	0.0208	0.021	0.0209	0.0208
  k	0.0212	0.0212	0.0214	0.0212	0.0212	0.0212	0.0213	0.0212	0.0212	0.0212	0.0212	0.0214	0.0212	0.0212	0.0212	0.0212	0.0212	0.0212	0.0213	0.0212	0.0212	0.0218	0.0212	0.0212	0.0212	0.0212	0.0212	0.0212	0.0212	0.0214	0.0212	0.0213	0.0212	0.0212	0.0212	0.0212	0.0212	0.0213	0.0212	0.0212	0.0212	0.0212	0	0.0212	0.0212	0.0213	0.0212
  l	0.022	0.022	0.0223	0.022	0.022	0.0221	0.0237	0.023	0.022	0.022	0.022	0.0222	0.022	0.022	0.022	0.022	0.022	0.022	0.0222	0.022	0.0287	0.023	0.022	0.0336	0.022	0.022	0.0225	0.022	0.022	0.0337	0.0337	0.0222	0.022	0.022	0.022	0.022	0.0446	0.0221	0.022	0.022	0.022	0.022	0.022	0	0.022	0.0245	0.022
  m	0.0217	0.0217	0.0448	0.0253	0.0217	0.0217	0.0218	0.0217	0.025	0.0217	0.0217	0.0222	0.0217	0.0217	0.0217	0.0217	0.0217	0.0217	0.0219	0.0217	0.0217	0.0251	0.0217	0.0217	0.0431	0.0217	0.0217	0.0217	0.0222	0.022	0.0217	0.0224	0.0217	0.0217	0.0395	0.0217	0.0217	0.0373	0.0217	0.0252	0.0217	0.0218	0.0217	0.0217	0	0.0218	0.0217
  n	0.0183	0.0184	0.0223	0.0183	0.0183	0.0183	0.021	0.0183	0.019	0.0183	0.0206	0.0191	0.0254	0.0186	0.0183	0.0183	0.0183	0.0183	0.0309	0.0183	0.0205	0.0595	0.0183	0.0229	0.0184	0.0183	0.0183	0.0184	0.0183	0.019	0.0184	0.0443	0.0184	0.0184	0.0183	0.0183	0.024	0.027	0.0189	0.0206	0.0183	0.0183	0.0183	0.0204	0.0183	0	0.0183
  o	0.0204	0.0204	0.0207	0.0205	0.0204	0.0204	0.0205	0.0204	0.0309	0.0204	0.0205	0.0206	0.0205	0.0205	0.0204	0.0205	0.0204	0.0204	0.0206	0.0205	0.0204	0.0286	0.0204	0.0205	0.0271	0.0204	0.0204	0.0205	0.0204	0.0207	0.0205	0.0309	0.0205	0.0205	0.0205	0.0204	0.0205	0.0206	0.0204	0.0204	0.0204	0.0205	0.0204	0.0204	0.0205	0.0205	0

