Character to attribute mapping:
  G: ?
  A: cattle
  B: domestic-mammal
  C: human
  D: mammal
  E: poultry
  F: wild-bird


Substitution rate (mu): 82.990037

Equilibrium frequencies (pi_i):
  A: 0.1149
  B: 0.181
  C: 0.1719
  D: 0.1942
  E: 0.1193
  F: 0.2188

Symmetrized rates from j->i (W_ij):
	A	B	C	D	E	F
  A	0	0.876	0.2636	0.3153	1.1982	0.7214
  B	0.876	0	0.2002	0.201	0.5657	0.2849
  C	0.2636	0.2002	0	0.2123	0.1986	0.2227
  D	0.3153	0.201	0.2123	0	0.592	1.6347
  E	1.1982	0.5657	0.1986	0.592	0	11.3273
  F	0.7214	0.2849	0.2227	1.6347	11.3273	0

Actual rates from j->i (Q_ij):
	A	B	C	D	E	F
  A	0	0.1006	0.0303	0.0362	0.1376	0.0829
  B	0.1586	0	0.0362	0.0364	0.1024	0.0516
  C	0.0453	0.0344	0	0.0365	0.0341	0.0383
  D	0.0612	0.039	0.0412	0	0.115	0.3175
  E	0.1429	0.0675	0.0237	0.0706	0	1.3509
  F	0.1578	0.0623	0.0487	0.3576	2.4779	0

