Character to attribute mapping:
  G: ?
  A: cattle
  B: domestic-mammal
  C: human
  D: mammal
  E: poultry
  F: wild-bird


Substitution rate (mu): 87.403188

Equilibrium frequencies (pi_i):
  A: 0.0885
  B: 0.1993
  C: 0.162
  D: 0.2125
  E: 0.1358
  F: 0.2019

Symmetrized rates from j->i (W_ij):
	A	B	C	D	E	F
  A	0	1.1601	0.2942	0.2914	1.3102	0.5583
  B	1.1601	0	0.2022	0.2195	0.579	0.404
  C	0.2942	0.2022	0	0.2022	0.1987	0.195
  D	0.2914	0.2195	0.2022	0	0.6221	1.3476
  E	1.3102	0.579	0.1987	0.6221	0	11.0478
  F	0.5583	0.404	0.195	1.3476	11.0478	0

Actual rates from j->i (Q_ij):
	A	B	C	D	E	F
  A	0	0.1026	0.026	0.0258	0.1159	0.0494
  B	0.2312	0	0.0403	0.0438	0.1154	0.0805
  C	0.0477	0.0328	0	0.0328	0.0322	0.0316
  D	0.0619	0.0466	0.043	0	0.1322	0.2863
  E	0.1779	0.0786	0.027	0.0845	0	1.5001
  F	0.1127	0.0816	0.0394	0.2721	2.2308	0

