Character to attribute mapping:
  G: ?
  A: cattle
  B: domestic-mammal
  C: human
  D: mammal
  E: poultry
  F: wild-bird


Substitution rate (mu): 72.762063

Equilibrium frequencies (pi_i):
  A: 0.0952
  B: 0.1991
  C: 0.1771
  D: 0.1889
  E: 0.1642
  F: 0.1756

Symmetrized rates from j->i (W_ij):
	A	B	C	D	E	F
  A	0	1.0915	0.2245	0.3625	1.1933	0.9325
  B	1.0915	0	0.2199	0.221	0.5372	0.3712
  C	0.2245	0.2199	0	0.3067	0.2183	0.2379
  D	0.3625	0.221	0.3067	0	0.3923	2.0422
  E	1.1933	0.5372	0.2183	0.3923	0	9.8621
  F	0.9325	0.3712	0.2379	2.0422	9.8621	0

Actual rates from j->i (Q_ij):
	A	B	C	D	E	F
  A	0	0.1039	0.0214	0.0345	0.1135	0.0887
  B	0.2174	0	0.0438	0.044	0.107	0.0739
  C	0.0398	0.0389	0	0.0543	0.0387	0.0421
  D	0.0685	0.0417	0.0579	0	0.0741	0.3857
  E	0.1959	0.0882	0.0358	0.0644	0	1.619
  F	0.1638	0.0652	0.0418	0.3586	1.7318	0

