Character to attribute mapping:
  p: ?
  A: Arizona
  B: Arkansas
  C: California
  D: Colorado
  E: Connecticut
  F: Delaware
  G: Florida
  H: Georgia
  I: Idaho
  J: Illinois
  K: Indiana
  L: Iowa
  M: Kansas
  N: Kentucky
  O: Louisiana
  P: MA
  Q: ME
  R: Maine
  S: Maryland
  T: Massachusetts
  U: Michigan
  V: Minnesota
  W: Mississippi
  X: Missouri
  Y: Montana
  Z: Nebraska
  [: New_Hampshire
  \: New_Jersey
  ]: New_Mexico
  ^: New_York
  _: North_Carolina
  `: North_Dakota
  a: Ohio
  b: Oklahoma
  c: Oregon
  d: Pennsylvania
  e: South_Carolina
  f: South_Dakota
  g: Tennessee
  h: Texas
  i: USA
  j: Utah
  k: Vermont
  l: Virginia
  m: Washington
  n: Wisconsin
  o: Wyoming


Substitution rate (mu): 209.89339

Equilibrium frequencies (pi_i):
  A: 0.0247
  B: 0.024
  C: 0.0174
  D: 0.023
  E: 0.0249
  F: 0.025
  G: 0.0175
  H: 0.0252
  I: 0.0153
  J: 0.0238
  K: 0.0236
  L: 0.0197
  M: 0.0117
  N: 0.024
  O: 0.0227
  P: 0.0241
  Q: 0.0248
  R: 0.0259
  S: 0.0241
  T: 0.0231
  U: 0.0109
  V: 0.0173
  W: 0.0245
  X: 0.0178
  Y: 0.0215
  Z: 0.0231
  [: 0.0233
  \: 0.0239
  ]: 0.011
  ^: 0.0231
  _: 0.0162
  `: 0.014
  a: 0.0142
  b: 0.0226
  c: 0.022
  d: 0.0245
  e: 0.0244
  f: 0.0125
  g: 0.0249
  h: 0.0186
  i: 0.0245
  j: 0.024
  k: 0.0245
  l: 0.0244
  m: 0.0244
  n: 0.0203
  o: 0.0231

Symmetrized rates from j->i (W_ij):
	A	B	C	D	E	F	G	H	I	J	K	L	M	N	O	P	Q	R	S	T	U	V	W	X	Y	Z	[	\	]	^	_	`	a	b	c	d	e	f	g	h	i	j	k	l	m	n	o
  A	0	0.9241	0.9672	0.9249	0.9238	0.9236	0.9257	0.9239	0.9257	0.9237	0.9264	0.9261	0.9237	0.9245	0.9237	0.9245	0.924	0.924	0.9254	0.9247	0.9248	0.9298	0.9236	0.927	0.983	0.924	0.9239	0.9237	0.9236	0.9243	0.9249	0.9266	0.9254	1.2144	0.9261	0.9236	0.9251	1.1807	0.9241	0.9261	0.9243	0.9243	0.9236	0.9254	0.9242	0.9251	0.9242
  B	0.9241	0	1.1927	0.9243	0.9237	0.9235	0.9264	0.9238	0.9983	0.9236	0.9263	0.9257	0.9242	0.9525	0.9236	0.9244	0.9239	0.9239	0.9252	0.9247	0.9253	1.1348	0.9234	0.9273	0.9259	0.9238	0.9237	0.9237	0.9241	0.9244	0.9255	0.9273	0.9254	0.9247	0.9262	0.9234	0.9252	0.9522	0.963	0.9632	0.9242	0.924	0.9234	0.9252	0.9242	0.9353	0.9242
  C	0.9672	1.1927	0	1.0805	0.9268	0.9293	1.4701	0.927	1.447	0.9286	1.0028	0.995	0.9304	1.0839	0.9719	0.9278	0.9269	0.9273	1.1014	0.9286	0.9336	2.5546	0.9265	1.7333	1.2338	0.9279	0.9272	0.9271	1.1935	0.9284	0.9359	0.9528	0.9319	0.9873	1.6991	0.9265	0.9295	2.2167	1.046	2.6007	0.9285	0.9285	0.9265	0.9295	1.3457	1.4492	1.3938
  D	0.9249	0.9243	1.0805	0	0.9241	0.9237	0.963	0.9239	0.9283	0.9239	0.9268	1.2383	0.9254	0.9249	0.9241	0.9246	0.9241	0.9242	0.9257	0.9251	0.9265	0.9816	0.9237	0.9281	0.933	0.9329	0.9241	0.924	0.9253	0.9246	0.9263	0.9314	0.9267	0.9318	0.9324	0.9237	0.9253	1.7507	0.9243	1.2389	0.9244	0.9245	0.9237	0.9255	1.4003	0.9261	0.9245
  E	0.9238	0.9237	0.9268	0.9241	0	0.9233	0.9253	0.9236	0.9251	0.9235	0.9261	1.2855	0.9236	0.9241	0.9233	0.9245	0.9237	0.9239	0.9249	1.2537	0.9246	0.9289	0.9233	0.926	0.9252	0.9234	0.9234	0.9235	0.9233	0.9245	0.9246	0.9264	0.925	0.9244	0.9249	0.9233	0.9249	0.9282	0.9238	0.9233	0.9241	0.9238	0.9233	0.9251	0.9236	0.9246	0.9237
  F	0.9236	0.9235	0.9293	0.9237	0.9233	0	0.9251	0.9233	0.9251	0.9231	0.9258	0.9248	0.9235	0.9239	0.9231	0.924	0.9235	0.9235	0.9245	0.9242	0.9245	0.9388	0.923	0.9258	0.9249	0.9232	0.9232	0.9232	0.9232	0.9238	0.9246	0.9257	0.9247	0.9241	0.9247	0.923	0.9246	0.9278	0.9235	0.9231	0.9238	0.9236	0.923	0.9248	0.9234	0.9245	1.3978
  G	0.9257	0.9264	1.4701	0.963	0.9253	0.9251	0	0.935	1.0244	0.9256	1.0534	1.6828	1.2973	0.9279	0.9251	0.9597	0.9301	1.3945	0.9289	0.9412	0.9339	5.7514	0.9249	1.6009	1.0886	1.1575	0.9332	1.0285	0.9258	0.9426	0.937	2.0048	1.0026	0.9263	1.2197	0.9249	0.9578	1.0745	0.9264	1.0092	0.934	0.9264	0.9249	1.0169	0.9265	0.9408	0.9796
  H	0.9239	0.9238	0.927	0.9239	0.9236	0.9233	0.935	0	0.9254	0.9234	1.0654	0.9253	0.93	0.9242	0.9234	0.9257	0.9238	0.9238	0.9254	0.9252	0.9253	0.9458	0.9233	0.9267	0.9252	0.9235	0.9235	0.9235	0.9233	0.9251	0.9251	0.9274	0.9256	0.9244	0.925	0.9233	2.1321	0.9283	1.2654	0.9239	0.9252	0.9238	0.9233	0.973	0.9237	0.925	0.9238
  I	0.9257	0.9983	1.447	0.9283	0.9251	0.9251	1.0244	0.9254	0	0.9251	1.0752	0.9287	0.9284	0.9827	0.9859	0.927	0.9254	0.9256	0.9268	0.9286	0.9472	1.3849	0.9249	0.9663	1.3874	0.9256	0.9255	0.9252	0.9769	0.929	0.9576	1.5089	0.9297	0.9265	1.1879	0.9249	0.9269	1.2326	1.3319	4.268	0.9315	0.9382	0.9249	0.9272	0.9273	0.9506	0.9819
  J	0.9237	0.9236	0.9286	0.9239	0.9235	0.9231	0.9256	0.9234	0.9251	0	0.9375	1.317	0.9236	0.924	0.9232	0.9241	0.9236	0.9236	0.9294	0.9246	0.9246	1.4264	0.9231	1.0171	0.9251	0.9233	0.9233	0.9234	0.924	0.924	0.9247	0.9267	0.9251	0.9242	0.9248	0.9231	0.9249	0.9284	0.9237	0.9236	0.9239	0.9237	0.9231	0.925	0.9236	0.9247	0.9237
  K	0.9264	0.9263	1.0028	0.9268	0.9261	0.9258	1.0534	1.0654	1.0752	0.9375	0	1.2573	0.9741	0.9271	0.9257	0.9441	0.9262	0.9268	1.2169	0.9494	1.1667	1.8085	0.9256	1.1934	1.0013	0.9264	0.9262	0.9263	0.9252	0.9512	0.9541	0.9666	1.4567	0.9275	0.93	0.9256	1.5263	1.4498	0.9288	0.9561	1.0238	0.9265	0.9256	1.1733	0.9266	0.9297	1.0589
  L	0.9261	0.9257	0.995	1.2383	1.2855	0.9248	1.6828	0.9253	0.9287	1.317	1.2573	0	0.9286	0.9263	0.9248	0.9273	0.9258	0.9262	1.0942	1.2484	0.928	3.7021	0.9247	1.575	1.3711	0.926	0.9262	0.9952	0.9246	0.9278	0.9398	3.6422	1.5774	0.9332	0.929	0.9247	0.9288	1.75	0.9256	0.9315	0.9267	0.9264	0.9247	0.9288	0.9258	0.9312	0.9266
  M	0.9237	0.9242	0.9304	0.9254	0.9236	0.9235	1.2973	0.93	0.9284	0.9236	0.9741	0.9286	0	0.9354	0.9237	0.9439	0.9238	0.9241	0.9247	0.9363	1.0457	2.2357	0.9234	0.9713	0.9255	0.9239	0.9237	0.9238	1.1129	0.9379	1.326	1.3782	1.0079	0.9242	0.927	0.9234	0.9455	0.9414	0.9242	7.138	0.9312	0.9239	0.9234	0.9872	0.9256	0.9257	0.9241
  N	0.9245	0.9525	1.0839	0.9249	0.9241	0.9239	0.9279	0.9242	0.9827	0.924	0.9271	0.9263	0.9354	0	0.924	0.9249	0.9243	0.9243	0.9257	0.9252	0.9259	1.3354	0.9238	1.037	0.9265	0.9242	0.9241	0.9241	0.9246	0.9249	1.515	0.9286	0.9259	0.9251	0.9274	0.9238	0.9258	0.9805	0.9503	1.0105	0.9248	0.9246	0.9238	0.9259	1.2882	0.9478	0.9246
  O	0.9237	0.9236	0.9719	0.9241	0.9233	0.9231	0.9251	0.9234	0.9859	0.9232	0.9257	0.9248	0.9237	0.924	0	0.924	0.9235	0.9235	0.9245	0.9242	0.925	0.9326	0.9231	0.9257	0.9298	0.9232	0.9233	0.9233	0.9236	0.9239	0.9248	0.9274	0.9248	0.9242	0.9263	0.9231	0.9246	0.9287	0.9237	1.3131	0.9239	0.9236	0.9231	0.9247	0.9236	0.9246	0.9236
  P	0.9245	0.9244	0.9278	0.9246	0.9245	0.924	0.9597	0.9257	0.927	0.9241	0.9441	0.9273	0.9439	0.9249	0.924	0	1.1225	1.1348	0.9256	1.4368	0.9338	1.3811	0.9239	0.9318	0.9259	0.9242	0.9246	0.9242	0.9238	0.955	0.933	1.3147	0.9276	0.925	0.9259	0.9239	0.9309	0.9301	0.9245	0.9333	0.9331	0.9248	0.9239	0.9423	0.9244	0.9258	0.9246
  Q	0.924	0.9239	0.9269	0.9241	0.9237	0.9235	0.9301	0.9238	0.9254	0.9236	0.9262	0.9258	0.9238	0.9243	0.9235	1.1225	0	1.3602	0.9249	0.925	0.925	0.9305	0.9235	0.9279	0.9252	0.9236	0.9239	0.9237	0.9234	0.9248	0.9248	1.0917	0.9251	0.9245	0.9251	0.9235	0.925	0.9286	0.924	0.9235	0.9243	0.9243	0.9235	0.9254	0.9238	0.925	0.9239
  R	0.924	0.9239	0.9273	0.9242	0.9239	0.9235	1.3945	0.9238	0.9256	0.9236	0.9268	0.9262	0.9241	0.9243	0.9235	1.1348	1.3602	0	0.925	1.4034	0.9255	0.9345	0.9235	0.9282	0.9254	0.9237	0.924	0.9237	0.9234	1.3919	0.9251	1.0945	0.9253	0.9246	0.9253	0.9235	0.9252	0.9289	0.924	0.9238	0.9245	0.9243	0.9235	0.9257	0.9238	0.9251	0.924
  S	0.9254	0.9252	1.1014	0.9257	0.9249	0.9245	0.9289	0.9254	0.9268	0.9294	1.2169	1.0942	0.9247	0.9257	0.9245	0.9256	0.9249	0.925	0	0.9262	0.9272	1.5039	0.9244	1.2051	0.9283	0.925	0.9248	0.9249	0.9242	0.9257	0.9266	0.9429	1.9108	1.1169	0.9271	0.9244	1.1439	1.1245	0.9252	0.9303	0.9259	0.9251	0.9244	0.9275	0.9253	0.9273	0.9255
  T	0.9247	0.9247	0.9286	0.9251	1.2537	0.9242	0.9412	0.9252	0.9286	0.9246	0.9494	1.2484	0.9363	0.9252	0.9242	1.4368	0.925	1.4034	0.9262	0	0.9503	1.8339	0.9241	0.9284	0.9264	0.9246	0.9245	0.9246	0.9241	1.9085	0.9442	0.9655	0.9303	0.9251	0.9265	0.9241	0.9289	0.9308	0.9248	0.9427	0.943	0.9248	0.9241	0.9377	0.9247	0.9346	0.9249
  U	0.9248	0.9253	0.9336	0.9265	0.9246	0.9245	0.9339	0.9253	0.9472	0.9246	1.1667	0.928	1.0457	0.9259	0.925	0.9338	0.925	0.9255	0.9272	0.9503	0	1.5639	0.9244	1.2058	0.9269	0.9247	0.925	0.9247	0.9509	1.1347	0.9658	3.1178	1.2637	0.9252	0.9308	0.9244	1.0159	0.9595	0.9253	9.658	1.1538	0.9436	0.9244	1.0151	0.9257	1.3032	0.925
  V	0.9298	1.1348	2.5546	0.9816	0.9289	0.9388	5.7514	0.9458	1.3849	1.4264	1.8085	3.7021	2.2357	1.3354	0.9326	1.3811	0.9305	0.9345	1.5039	1.8339	1.5639	0	0.9272	5.2793	1.8964	1.674	1.4179	1.2657	1.3167	1.8522	4.6019	9.3354	1.4164	0.9326	1.6053	0.9272	1.7079	5.8469	1.0134	1.595	1.1015	1.0672	0.9272	1.1197	1.4486	3.7814	1.6404
  W	0.9236	0.9234	0.9265	0.9237	0.9233	0.923	0.9249	0.9233	0.9249	0.9231	0.9256	0.9247	0.9234	0.9238	0.9231	0.9239	0.9235	0.9235	0.9244	0.9241	0.9244	0.9272	0	0.9256	0.9248	0.9231	0.9232	0.9232	0.9232	0.9238	0.9244	0.9256	0.9246	0.9241	0.9246	0.923	0.9246	0.9276	0.9235	0.923	0.9238	0.9235	0.923	0.9247	0.9234	0.9244	0.9235
  X	0.927	0.9273	1.7333	0.9281	0.926	0.9258	1.6009	0.9267	0.9663	1.0171	1.1934	1.575	0.9713	1.037	0.9257	0.9318	0.9279	0.9282	1.2051	0.9284	1.2058	5.2793	0.9256	0	1.7314	0.9272	0.9354	0.9269	1.0649	0.9289	1.2404	2.1848	0.9305	0.9281	1.0705	0.9256	1.1607	2.4514	0.9271	0.9412	0.9305	0.9285	0.9256	1.3362	0.9276	1.6246	1.0689
  Y	0.983	0.9259	1.2338	0.933	0.9252	0.9249	1.0886	0.9252	1.3874	0.9251	1.0013	1.3711	0.9255	0.9265	0.9298	0.9259	0.9252	0.9254	0.9283	0.9264	0.9269	1.8964	0.9248	1.7314	0	0.9259	0.9254	0.9252	0.9258	0.926	0.9278	0.968	0.9284	1.0063	1.3589	0.9248	0.9273	2.22	0.926	1.5399	0.9258	1.0335	0.9248	0.9276	0.9275	0.9302	0.9528
  Z	0.924	0.9238	0.9279	0.9329	0.9234	0.9232	1.1575	0.9235	0.9256	0.9233	0.9264	0.926	0.9239	0.9242	0.9232	0.9242	0.9236	0.9237	0.925	0.9246	0.9247	1.674	0.9231	0.9272	0.9259	0	0.9245	0.9235	0.9234	0.9313	0.9251	0.9449	0.9254	0.9248	0.9255	0.9231	0.925	1.8777	0.9238	0.9245	0.924	0.9239	0.9231	0.9251	0.9236	0.9278	0.924
  [	0.9239	0.9237	0.9272	0.9241	0.9234	0.9232	0.9332	0.9235	0.9255	0.9233	0.9262	0.9262	0.9237	0.9241	0.9233	0.9246	0.9239	0.924	0.9248	0.9245	0.925	1.4179	0.9232	0.9354	0.9254	0.9245	0	0.9235	0.9233	0.9244	0.9255	1.7058	0.9253	0.9245	0.9252	0.9232	0.9249	1.2159	0.9238	0.9243	0.9241	0.9241	0.9232	0.9279	0.9236	0.9298	0.9239
  \	0.9237	0.9237	0.9271	0.924	0.9235	0.9232	1.0285	0.9235	0.9252	0.9234	0.9263	0.9952	0.9238	0.9241	0.9233	0.9242	0.9237	0.9237	0.9249	0.9246	0.9247	1.2657	0.9232	0.9269	0.9252	0.9235	0.9235	0	0.9233	0.9242	0.9249	0.9466	0.935	0.9243	0.925	0.9232	0.925	0.9287	0.9237	0.9237	0.924	0.9238	0.9232	0.925	0.9236	0.9249	0.9238
  ]	0.9236	0.9241	1.1935	0.9253	0.9233	0.9232	0.9258	0.9233	0.9769	0.924	0.9252	0.9246	1.1129	0.9246	0.9236	0.9238	0.9234	0.9234	0.9242	0.9241	0.9509	1.3167	0.9232	1.0649	0.9258	0.9234	0.9233	0.9233	0	0.9239	0.9724	0.9267	1.0356	0.9269	0.9268	0.9232	0.9243	1.0088	0.924	8.5882	0.9239	0.9235	0.9232	0.9244	0.9245	1.2148	0.9237
  ^	0.9243	0.9244	0.9284	0.9246	0.9245	0.9238	0.9426	0.9251	0.929	0.924	0.9512	0.9278	0.9379	0.9249	0.9239	0.955	0.9248	1.3919	0.9257	1.9085	1.1347	1.8522	0.9238	0.9289	0.926	0.9313	0.9244	0.9242	0.9239	0	0.9472	1.8085	0.9309	0.9248	0.9264	0.9238	0.9293	0.9312	0.9244	0.9446	0.9459	0.9247	0.9238	1.4096	0.9244	0.9364	0.9246
  _	0.9249	0.9255	0.9359	0.9263	0.9246	0.9246	0.937	0.9251	0.9576	0.9247	0.9541	0.9398	1.326	1.515	0.9248	0.933	0.9248	0.9251	0.9266	0.9442	0.9658	4.6019	0.9244	1.2404	0.9278	0.9251	0.9255	0.9249	0.9724	0.9472	0	1.1614	0.9368	0.9255	0.9487	0.9244	0.9434	1.2765	0.9255	2.39	0.967	0.9256	0.9244	0.9688	1.2013	0.9278	0.9363
  `	0.9266	0.9273	0.9528	0.9314	0.9264	0.9257	2.0048	0.9274	1.5089	0.9267	0.9666	3.6422	1.3782	0.9286	0.9274	1.3147	1.0917	1.0945	0.9429	0.9655	3.1178	9.3354	0.9256	2.1848	0.968	0.9449	1.7058	0.9466	0.9267	1.8085	1.1614	0	1.2969	0.9277	0.9602	0.9256	0.935	2.5307	0.9274	1.1514	0.9827	1.7606	0.9256	1.3143	0.9272	1.2727	0.9305
  a	0.9254	0.9254	0.9319	0.9267	0.925	0.9247	1.0026	0.9256	0.9297	0.9251	1.4567	1.5774	1.0079	0.9259	0.9248	0.9276	0.9251	0.9253	1.9108	0.9303	1.2637	1.4164	0.9246	0.9305	0.9284	0.9254	0.9253	0.935	1.0356	0.9309	0.9368	1.2969	0	1.1033	0.9282	0.9246	1.0956	1.3664	0.9254	5.3652	0.9948	0.9255	0.9246	0.9279	0.9258	0.9277	0.9254
  b	1.2144	0.9247	0.9873	0.9318	0.9244	0.9241	0.9263	0.9244	0.9265	0.9242	0.9275	0.9332	0.9242	0.9251	0.9242	0.925	0.9245	0.9246	1.1169	0.9251	0.9252	0.9326	0.9241	0.9281	1.0063	0.9248	0.9245	0.9243	0.9269	0.9248	0.9255	0.9277	1.1033	0	0.9273	0.9241	0.9258	1.6386	0.9247	1.3951	0.9249	0.925	0.9241	0.9259	0.925	0.9258	0.9247
  c	0.9261	0.9262	1.6991	0.9324	0.9249	0.9247	1.2197	0.925	1.1879	0.9248	0.93	0.929	0.927	0.9274	0.9263	0.9259	0.9251	0.9253	0.9271	0.9265	0.9308	1.6053	0.9246	1.0705	1.3589	0.9255	0.9252	0.925	0.9268	0.9264	0.9487	0.9602	0.9282	0.9273	0	0.9246	0.9287	2.1327	0.9263	1.4191	0.9265	1.1192	0.9246	0.927	1.4013	0.9309	0.926
  d	0.9236	0.9234	0.9265	0.9237	0.9233	0.923	0.9249	0.9233	0.9249	0.9231	0.9256	0.9247	0.9234	0.9238	0.9231	0.9239	0.9235	0.9235	0.9244	0.9241	0.9244	0.9272	0.923	0.9256	0.9248	0.9231	0.9232	0.9232	0.9232	0.9238	0.9244	0.9256	0.9246	0.9241	0.9246	0	0.9246	0.9276	0.9235	0.923	0.9238	0.9235	0.923	0.9247	0.9234	0.9244	0.9235
  e	0.9251	0.9252	0.9295	0.9253	0.9249	0.9246	0.9578	2.1321	0.9269	0.9249	1.5263	0.9288	0.9455	0.9258	0.9246	0.9309	0.925	0.9252	1.1439	0.9289	1.0159	1.7079	0.9246	1.1607	0.9273	0.925	0.9249	0.925	0.9243	0.9293	0.9434	0.935	1.0956	0.9258	0.9287	0.9246	0	0.9325	1.0673	0.9301	0.9442	0.9252	0.9246	1.5176	0.9252	0.986	0.9256
  f	1.1807	0.9522	2.2167	1.7507	0.9282	0.9278	1.0745	0.9283	1.2326	0.9284	1.4498	1.75	0.9414	0.9805	0.9287	0.9301	0.9286	0.9289	1.1245	0.9308	0.9595	5.8469	0.9276	2.4514	2.22	1.8777	1.2159	0.9287	1.0088	0.9312	1.2765	2.5307	1.3664	1.6386	2.1327	0.9276	0.9325	0	0.9497	4.8836	0.9298	1.292	0.9276	0.9917	1.4056	1.1428	0.9982
  g	0.9241	0.963	1.046	0.9243	0.9238	0.9235	0.9264	1.2654	1.3319	0.9237	0.9288	0.9256	0.9242	0.9503	0.9237	0.9245	0.924	0.924	0.9252	0.9248	0.9253	1.0134	0.9235	0.9271	0.926	0.9238	0.9238	0.9237	0.924	0.9244	0.9255	0.9274	0.9254	0.9247	0.9263	0.9235	1.0673	0.9497	0	0.9569	0.9243	0.9241	0.9235	0.9261	0.9242	0.9346	0.9242
  h	0.9261	0.9632	2.6007	1.2389	0.9233	0.9231	1.0092	0.9239	4.268	0.9236	0.9561	0.9315	7.138	1.0105	1.3131	0.9333	0.9235	0.9238	0.9303	0.9427	9.658	1.595	0.923	0.9412	1.5399	0.9245	0.9243	0.9237	8.5882	0.9446	2.39	1.1514	5.3652	1.3951	1.4191	0.923	0.9301	4.8836	0.9569	0	0.9674	0.9256	0.923	0.933	1.0639	1.0535	0.9258
  i	0.9243	0.9242	0.9285	0.9244	0.9241	0.9238	0.934	0.9252	0.9315	0.9239	1.0238	0.9267	0.9312	0.9248	0.9239	0.9331	0.9243	0.9245	0.9259	0.943	1.1538	1.1015	0.9238	0.9305	0.9258	0.924	0.9241	0.924	0.9239	0.9459	0.967	0.9827	0.9948	0.9249	0.9265	0.9238	0.9442	0.9298	0.9243	0.9674	0	0.9244	0.9238	1.4023	0.9243	0.9264	0.9245
  j	0.9243	0.924	0.9285	0.9245	0.9238	0.9236	0.9264	0.9238	0.9382	0.9237	0.9265	0.9264	0.9239	0.9246	0.9236	0.9248	0.9243	0.9243	0.9251	0.9248	0.9436	1.0672	0.9235	0.9285	1.0335	0.9239	0.9241	0.9238	0.9235	0.9247	0.9256	1.7606	0.9255	0.925	1.1192	0.9235	0.9252	1.292	0.9241	0.9256	0.9244	0	0.9235	0.9256	1.3989	0.9253	0.9241
  k	0.9236	0.9234	0.9265	0.9237	0.9233	0.923	0.9249	0.9233	0.9249	0.9231	0.9256	0.9247	0.9234	0.9238	0.9231	0.9239	0.9235	0.9235	0.9244	0.9241	0.9244	0.9272	0.923	0.9256	0.9248	0.9231	0.9232	0.9232	0.9232	0.9238	0.9244	0.9256	0.9246	0.9241	0.9246	0.923	0.9246	0.9276	0.9235	0.923	0.9238	0.9235	0	0.9247	0.9234	0.9244	0.9235
  l	0.9254	0.9252	0.9295	0.9255	0.9251	0.9248	1.0169	0.973	0.9272	0.925	1.1733	0.9288	0.9872	0.9259	0.9247	0.9423	0.9254	0.9257	0.9275	0.9377	1.0151	1.1197	0.9247	1.3362	0.9276	0.9251	0.9279	0.925	0.9244	1.4096	0.9688	1.3143	0.9279	0.9259	0.927	0.9247	1.5176	0.9917	0.9261	0.933	1.4023	0.9256	0.9247	0	0.9254	0.9842	0.9257
  m	0.9242	0.9242	1.3457	1.4003	0.9236	0.9234	0.9265	0.9237	0.9273	0.9236	0.9266	0.9258	0.9256	1.2882	0.9236	0.9244	0.9238	0.9238	0.9253	0.9247	0.9257	1.4486	0.9234	0.9276	0.9275	0.9236	0.9236	0.9236	0.9245	0.9244	1.2013	0.9272	0.9258	0.925	1.4013	0.9234	0.9252	1.4056	0.9242	1.0639	0.9243	1.3989	0.9234	0.9254	0	0.9256	0.9241
  n	0.9251	0.9353	1.4492	0.9261	0.9246	0.9245	0.9408	0.925	0.9506	0.9247	0.9297	0.9312	0.9257	0.9478	0.9246	0.9258	0.925	0.9251	0.9273	0.9346	1.3032	3.7814	0.9244	1.6246	0.9302	0.9278	0.9298	0.9249	1.2148	0.9364	0.9278	1.2727	0.9277	0.9258	0.9309	0.9244	0.986	1.1428	0.9346	1.0535	0.9264	0.9253	0.9244	0.9842	0.9256	0	0.9259
  o	0.9242	0.9242	1.3938	0.9245	0.9237	1.3978	0.9796	0.9238	0.9819	0.9237	1.0589	0.9266	0.9241	0.9246	0.9236	0.9246	0.9239	0.924	0.9255	0.9249	0.925	1.6404	0.9235	1.0689	0.9528	0.924	0.9239	0.9238	0.9237	0.9246	0.9363	0.9305	0.9254	0.9247	0.926	0.9235	0.9256	0.9982	0.9242	0.9258	0.9245	0.9241	0.9235	0.9257	0.9241	0.9259	0

Actual rates from j->i (Q_ij):
	A	B	C	D	E	F	G	H	I	J	K	L	M	N	O	P	Q	R	S	T	U	V	W	X	Y	Z	[	\	]	^	_	`	a	b	c	d	e	f	g	h	i	j	k	l	m	n	o
  A	0	0.0228	0.0239	0.0229	0.0228	0.0228	0.0229	0.0228	0.0229	0.0228	0.0229	0.0229	0.0228	0.0228	0.0228	0.0228	0.0228	0.0228	0.0229	0.0228	0.0228	0.023	0.0228	0.0229	0.0243	0.0228	0.0228	0.0228	0.0228	0.0228	0.0229	0.0229	0.0229	0.03	0.0229	0.0228	0.0229	0.0292	0.0228	0.0229	0.0228	0.0228	0.0228	0.0229	0.0228	0.0229	0.0228
  B	0.0222	0	0.0286	0.0222	0.0222	0.0222	0.0222	0.0222	0.024	0.0222	0.0222	0.0222	0.0222	0.0229	0.0222	0.0222	0.0222	0.0222	0.0222	0.0222	0.0222	0.0273	0.0222	0.0223	0.0222	0.0222	0.0222	0.0222	0.0222	0.0222	0.0222	0.0223	0.0222	0.0222	0.0222	0.0222	0.0222	0.0229	0.0231	0.0231	0.0222	0.0222	0.0222	0.0222	0.0222	0.0225	0.0222
  C	0.0169	0.0208	0	0.0188	0.0162	0.0162	0.0256	0.0162	0.0252	0.0162	0.0175	0.0173	0.0162	0.0189	0.0169	0.0162	0.0162	0.0162	0.0192	0.0162	0.0163	0.0445	0.0161	0.0302	0.0215	0.0162	0.0162	0.0162	0.0208	0.0162	0.0163	0.0166	0.0162	0.0172	0.0296	0.0161	0.0162	0.0386	0.0182	0.0453	0.0162	0.0162	0.0161	0.0162	0.0235	0.0253	0.0243
  D	0.0212	0.0212	0.0248	0	0.0212	0.0212	0.0221	0.0212	0.0213	0.0212	0.0213	0.0284	0.0212	0.0212	0.0212	0.0212	0.0212	0.0212	0.0213	0.0212	0.0213	0.0225	0.0212	0.0213	0.0214	0.0214	0.0212	0.0212	0.0212	0.0212	0.0213	0.0214	0.0213	0.0214	0.0214	0.0212	0.0212	0.0402	0.0212	0.0284	0.0212	0.0212	0.0212	0.0213	0.0322	0.0213	0.0212
  E	0.023	0.023	0.023	0.023	0	0.0229	0.023	0.023	0.023	0.023	0.023	0.032	0.023	0.023	0.023	0.023	0.023	0.023	0.023	0.0312	0.023	0.0231	0.0229	0.023	0.023	0.023	0.023	0.023	0.0229	0.023	0.023	0.023	0.023	0.023	0.023	0.0229	0.023	0.0231	0.023	0.0229	0.023	0.023	0.0229	0.023	0.023	0.023	0.023
  F	0.0231	0.0231	0.0232	0.0231	0.0231	0	0.0231	0.0231	0.0231	0.023	0.0231	0.0231	0.0231	0.0231	0.023	0.0231	0.0231	0.0231	0.0231	0.0231	0.0231	0.0234	0.023	0.0231	0.0231	0.023	0.0231	0.0231	0.023	0.0231	0.0231	0.0231	0.0231	0.0231	0.0231	0.023	0.0231	0.0232	0.0231	0.023	0.0231	0.0231	0.023	0.0231	0.0231	0.0231	0.0349
  G	0.0162	0.0162	0.0257	0.0169	0.0162	0.0162	0	0.0164	0.0179	0.0162	0.0184	0.0295	0.0227	0.0162	0.0162	0.0168	0.0163	0.0244	0.0163	0.0165	0.0164	0.1007	0.0162	0.028	0.0191	0.0203	0.0163	0.018	0.0162	0.0165	0.0164	0.0351	0.0176	0.0162	0.0214	0.0162	0.0168	0.0188	0.0162	0.0177	0.0164	0.0162	0.0162	0.0178	0.0162	0.0165	0.0172
  H	0.0233	0.0233	0.0233	0.0233	0.0233	0.0233	0.0235	0	0.0233	0.0233	0.0268	0.0233	0.0234	0.0233	0.0233	0.0233	0.0233	0.0233	0.0233	0.0233	0.0233	0.0238	0.0233	0.0233	0.0233	0.0233	0.0233	0.0233	0.0233	0.0233	0.0233	0.0234	0.0233	0.0233	0.0233	0.0233	0.0537	0.0234	0.0319	0.0233	0.0233	0.0233	0.0233	0.0245	0.0233	0.0233	0.0233
  I	0.0141	0.0152	0.0221	0.0142	0.0141	0.0141	0.0156	0.0141	0	0.0141	0.0164	0.0142	0.0142	0.015	0.015	0.0141	0.0141	0.0141	0.0141	0.0142	0.0145	0.0211	0.0141	0.0147	0.0212	0.0141	0.0141	0.0141	0.0149	0.0142	0.0146	0.023	0.0142	0.0141	0.0181	0.0141	0.0141	0.0188	0.0203	0.0651	0.0142	0.0143	0.0141	0.0142	0.0142	0.0145	0.015
  J	0.022	0.022	0.0221	0.022	0.022	0.022	0.022	0.022	0.022	0	0.0223	0.0313	0.022	0.022	0.022	0.022	0.022	0.022	0.0221	0.022	0.022	0.0339	0.022	0.0242	0.022	0.022	0.022	0.022	0.022	0.022	0.022	0.0221	0.022	0.022	0.022	0.022	0.022	0.0221	0.022	0.022	0.022	0.022	0.022	0.022	0.022	0.022	0.022
  K	0.0219	0.0219	0.0237	0.0219	0.0219	0.0219	0.0249	0.0252	0.0254	0.0221	0	0.0297	0.023	0.0219	0.0219	0.0223	0.0219	0.0219	0.0287	0.0224	0.0276	0.0427	0.0219	0.0282	0.0237	0.0219	0.0219	0.0219	0.0219	0.0225	0.0225	0.0228	0.0344	0.0219	0.022	0.0219	0.0361	0.0342	0.0219	0.0226	0.0242	0.0219	0.0219	0.0277	0.0219	0.022	0.025
  L	0.0183	0.0182	0.0196	0.0244	0.0253	0.0182	0.0332	0.0182	0.0183	0.026	0.0248	0	0.0183	0.0183	0.0182	0.0183	0.0182	0.0183	0.0216	0.0246	0.0183	0.073	0.0182	0.031	0.027	0.0182	0.0183	0.0196	0.0182	0.0183	0.0185	0.0718	0.0311	0.0184	0.0183	0.0182	0.0183	0.0345	0.0182	0.0184	0.0183	0.0183	0.0182	0.0183	0.0182	0.0184	0.0183
  M	0.0108	0.0108	0.0108	0.0108	0.0108	0.0108	0.0151	0.0108	0.0108	0.0108	0.0113	0.0108	0	0.0109	0.0108	0.011	0.0108	0.0108	0.0108	0.0109	0.0122	0.026	0.0108	0.0113	0.0108	0.0108	0.0108	0.0108	0.013	0.0109	0.0154	0.0161	0.0117	0.0108	0.0108	0.0108	0.011	0.011	0.0108	0.0832	0.0108	0.0108	0.0108	0.0115	0.0108	0.0108	0.0108
  N	0.0222	0.0228	0.026	0.0222	0.0222	0.0222	0.0223	0.0222	0.0236	0.0222	0.0222	0.0222	0.0224	0	0.0222	0.0222	0.0222	0.0222	0.0222	0.0222	0.0222	0.032	0.0222	0.0249	0.0222	0.0222	0.0222	0.0222	0.0222	0.0222	0.0363	0.0223	0.0222	0.0222	0.0222	0.0222	0.0222	0.0235	0.0228	0.0242	0.0222	0.0222	0.0222	0.0222	0.0309	0.0227	0.0222
  O	0.021	0.021	0.0221	0.021	0.021	0.021	0.021	0.021	0.0224	0.021	0.0211	0.021	0.021	0.021	0	0.021	0.021	0.021	0.021	0.021	0.021	0.0212	0.021	0.0211	0.0211	0.021	0.021	0.021	0.021	0.021	0.021	0.0211	0.021	0.021	0.0211	0.021	0.021	0.0211	0.021	0.0299	0.021	0.021	0.021	0.021	0.021	0.021	0.021
  P	0.0223	0.0223	0.0223	0.0223	0.0223	0.0222	0.0231	0.0223	0.0223	0.0222	0.0227	0.0223	0.0227	0.0223	0.0222	0	0.027	0.0273	0.0223	0.0346	0.0225	0.0333	0.0222	0.0224	0.0223	0.0223	0.0223	0.0223	0.0222	0.023	0.0225	0.0317	0.0223	0.0223	0.0223	0.0222	0.0224	0.0224	0.0223	0.0225	0.0225	0.0223	0.0222	0.0227	0.0223	0.0223	0.0223
  Q	0.023	0.0229	0.023	0.023	0.0229	0.0229	0.0231	0.0229	0.023	0.0229	0.023	0.023	0.0229	0.023	0.0229	0.0279	0	0.0338	0.023	0.023	0.023	0.0231	0.0229	0.023	0.023	0.0229	0.0229	0.0229	0.0229	0.023	0.023	0.0271	0.023	0.023	0.023	0.0229	0.023	0.0231	0.0229	0.0229	0.023	0.023	0.0229	0.023	0.0229	0.023	0.0229
  R	0.024	0.024	0.0241	0.024	0.024	0.024	0.0362	0.024	0.024	0.024	0.024	0.024	0.024	0.024	0.024	0.0294	0.0353	0	0.024	0.0364	0.024	0.0242	0.024	0.0241	0.024	0.024	0.024	0.024	0.024	0.0361	0.024	0.0284	0.024	0.024	0.024	0.024	0.024	0.0241	0.024	0.024	0.024	0.024	0.024	0.024	0.024	0.024	0.024
  S	0.0223	0.0223	0.0265	0.0223	0.0223	0.0222	0.0224	0.0223	0.0223	0.0224	0.0293	0.0263	0.0223	0.0223	0.0222	0.0223	0.0223	0.0223	0	0.0223	0.0223	0.0362	0.0222	0.029	0.0223	0.0223	0.0223	0.0223	0.0222	0.0223	0.0223	0.0227	0.046	0.0269	0.0223	0.0222	0.0275	0.0271	0.0223	0.0224	0.0223	0.0223	0.0222	0.0223	0.0223	0.0223	0.0223
  T	0.0213	0.0213	0.0214	0.0213	0.0289	0.0213	0.0217	0.0213	0.0214	0.0213	0.0219	0.0288	0.0216	0.0213	0.0213	0.0331	0.0213	0.0324	0.0214	0	0.0219	0.0423	0.0213	0.0214	0.0214	0.0213	0.0213	0.0213	0.0213	0.044	0.0218	0.0223	0.0215	0.0213	0.0214	0.0213	0.0214	0.0215	0.0213	0.0217	0.0217	0.0213	0.0213	0.0216	0.0213	0.0216	0.0213
  U	0.01	0.01	0.0101	0.0101	0.01	0.01	0.0101	0.01	0.0103	0.01	0.0127	0.0101	0.0114	0.0101	0.01	0.0101	0.01	0.01	0.0101	0.0103	0	0.017	0.01	0.0131	0.0101	0.01	0.01	0.01	0.0103	0.0123	0.0105	0.0338	0.0137	0.01	0.0101	0.01	0.011	0.0104	0.01	0.1049	0.0125	0.0102	0.01	0.011	0.01	0.0141	0.01
  V	0.0161	0.0197	0.0443	0.017	0.0161	0.0163	0.0997	0.0164	0.024	0.0247	0.0313	0.0642	0.0387	0.0231	0.0162	0.0239	0.0161	0.0162	0.0261	0.0318	0.0271	0	0.0161	0.0915	0.0329	0.029	0.0246	0.0219	0.0228	0.0321	0.0797	0.1618	0.0245	0.0162	0.0278	0.0161	0.0296	0.1013	0.0176	0.0276	0.0191	0.0185	0.0161	0.0194	0.0251	0.0655	0.0284
  W	0.0226	0.0226	0.0227	0.0226	0.0226	0.0226	0.0227	0.0226	0.0227	0.0226	0.0227	0.0227	0.0226	0.0226	0.0226	0.0227	0.0226	0.0226	0.0227	0.0227	0.0227	0.0227	0	0.0227	0.0227	0.0226	0.0226	0.0226	0.0226	0.0226	0.0227	0.0227	0.0227	0.0227	0.0227	0.0226	0.0227	0.0227	0.0226	0.0226	0.0226	0.0226	0.0226	0.0227	0.0226	0.0227	0.0226
  X	0.0165	0.0165	0.0309	0.0165	0.0165	0.0165	0.0285	0.0165	0.0172	0.0181	0.0213	0.0281	0.0173	0.0185	0.0165	0.0166	0.0165	0.0165	0.0215	0.0166	0.0215	0.0941	0.0165	0	0.0309	0.0165	0.0167	0.0165	0.019	0.0166	0.0221	0.0389	0.0166	0.0165	0.0191	0.0165	0.0207	0.0437	0.0165	0.0168	0.0166	0.0166	0.0165	0.0238	0.0165	0.029	0.0191
  Y	0.0212	0.0199	0.0266	0.0201	0.0199	0.0199	0.0234	0.0199	0.0299	0.0199	0.0216	0.0295	0.0199	0.02	0.02	0.0199	0.0199	0.0199	0.02	0.02	0.02	0.0408	0.0199	0.0373	0	0.0199	0.0199	0.0199	0.0199	0.0199	0.02	0.0208	0.02	0.0217	0.0293	0.0199	0.02	0.0478	0.0199	0.0332	0.0199	0.0223	0.0199	0.02	0.02	0.02	0.0205
  Z	0.0213	0.0213	0.0214	0.0215	0.0213	0.0213	0.0267	0.0213	0.0214	0.0213	0.0214	0.0214	0.0213	0.0213	0.0213	0.0213	0.0213	0.0213	0.0214	0.0213	0.0213	0.0386	0.0213	0.0214	0.0214	0	0.0213	0.0213	0.0213	0.0215	0.0214	0.0218	0.0214	0.0214	0.0214	0.0213	0.0214	0.0434	0.0213	0.0213	0.0213	0.0213	0.0213	0.0214	0.0213	0.0214	0.0213
  [	0.0215	0.0215	0.0216	0.0215	0.0215	0.0215	0.0217	0.0215	0.0215	0.0215	0.0215	0.0215	0.0215	0.0215	0.0215	0.0215	0.0215	0.0215	0.0215	0.0215	0.0215	0.033	0.0215	0.0218	0.0215	0.0215	0	0.0215	0.0215	0.0215	0.0215	0.0397	0.0215	0.0215	0.0215	0.0215	0.0215	0.0283	0.0215	0.0215	0.0215	0.0215	0.0215	0.0216	0.0215	0.0216	0.0215
  \	0.0221	0.0221	0.0221	0.0221	0.0221	0.022	0.0246	0.0221	0.0221	0.0221	0.0221	0.0238	0.0221	0.0221	0.0221	0.0221	0.0221	0.0221	0.0221	0.0221	0.0221	0.0302	0.022	0.0221	0.0221	0.0221	0.0221	0	0.0221	0.0221	0.0221	0.0226	0.0223	0.0221	0.0221	0.022	0.0221	0.0222	0.0221	0.0221	0.0221	0.0221	0.022	0.0221	0.0221	0.0221	0.0221
  ]	0.0101	0.0101	0.0131	0.0101	0.0101	0.0101	0.0102	0.0101	0.0107	0.0101	0.0101	0.0101	0.0122	0.0101	0.0101	0.0101	0.0101	0.0101	0.0101	0.0101	0.0104	0.0144	0.0101	0.0117	0.0102	0.0101	0.0101	0.0101	0	0.0101	0.0107	0.0102	0.0114	0.0102	0.0102	0.0101	0.0101	0.0111	0.0101	0.0942	0.0101	0.0101	0.0101	0.0101	0.0101	0.0133	0.0101
  ^	0.0213	0.0213	0.0214	0.0213	0.0213	0.0213	0.0217	0.0213	0.0214	0.0213	0.0219	0.0214	0.0216	0.0213	0.0213	0.022	0.0213	0.0321	0.0213	0.044	0.0262	0.0427	0.0213	0.0214	0.0214	0.0215	0.0213	0.0213	0.0213	0	0.0218	0.0417	0.0215	0.0213	0.0214	0.0213	0.0214	0.0215	0.0213	0.0218	0.0218	0.0213	0.0213	0.0325	0.0213	0.0216	0.0213
  _	0.015	0.015	0.0152	0.015	0.015	0.015	0.0152	0.015	0.0155	0.015	0.0154	0.0152	0.0215	0.0245	0.015	0.0151	0.015	0.015	0.015	0.0153	0.0156	0.0745	0.015	0.0201	0.015	0.015	0.015	0.015	0.0157	0.0153	0	0.0188	0.0152	0.015	0.0154	0.015	0.0153	0.0207	0.015	0.0387	0.0157	0.015	0.015	0.0157	0.0195	0.015	0.0152
  `	0.013	0.013	0.0133	0.013	0.013	0.013	0.0281	0.013	0.0211	0.013	0.0135	0.051	0.0193	0.013	0.013	0.0184	0.0153	0.0153	0.0132	0.0135	0.0437	0.1307	0.013	0.0306	0.0136	0.0132	0.0239	0.0133	0.013	0.0253	0.0163	0	0.0182	0.013	0.0134	0.013	0.0131	0.0354	0.013	0.0161	0.0138	0.0247	0.013	0.0184	0.013	0.0178	0.013
  a	0.0132	0.0132	0.0133	0.0132	0.0132	0.0132	0.0143	0.0132	0.0132	0.0132	0.0207	0.0225	0.0144	0.0132	0.0132	0.0132	0.0132	0.0132	0.0272	0.0132	0.018	0.0202	0.0132	0.0133	0.0132	0.0132	0.0132	0.0133	0.0148	0.0133	0.0133	0.0185	0	0.0157	0.0132	0.0132	0.0156	0.0195	0.0132	0.0764	0.0142	0.0132	0.0132	0.0132	0.0132	0.0132	0.0132
  b	0.0274	0.0209	0.0223	0.021	0.0209	0.0209	0.0209	0.0209	0.0209	0.0209	0.0209	0.0211	0.0209	0.0209	0.0209	0.0209	0.0209	0.0209	0.0252	0.0209	0.0209	0.0211	0.0209	0.021	0.0227	0.0209	0.0209	0.0209	0.0209	0.0209	0.0209	0.0209	0.0249	0	0.0209	0.0209	0.0209	0.037	0.0209	0.0315	0.0209	0.0209	0.0209	0.0209	0.0209	0.0209	0.0209
  c	0.0204	0.0204	0.0374	0.0205	0.0204	0.0204	0.0269	0.0204	0.0262	0.0204	0.0205	0.0205	0.0204	0.0204	0.0204	0.0204	0.0204	0.0204	0.0204	0.0204	0.0205	0.0354	0.0204	0.0236	0.0299	0.0204	0.0204	0.0204	0.0204	0.0204	0.0209	0.0212	0.0205	0.0204	0	0.0204	0.0205	0.047	0.0204	0.0313	0.0204	0.0247	0.0204	0.0204	0.0309	0.0205	0.0204
  d	0.0226	0.0226	0.0227	0.0226	0.0226	0.0226	0.0227	0.0226	0.0227	0.0226	0.0227	0.0227	0.0226	0.0226	0.0226	0.0227	0.0226	0.0226	0.0227	0.0227	0.0227	0.0227	0.0226	0.0227	0.0227	0.0226	0.0226	0.0226	0.0226	0.0226	0.0227	0.0227	0.0227	0.0227	0.0227	0	0.0227	0.0227	0.0226	0.0226	0.0226	0.0226	0.0226	0.0227	0.0226	0.0227	0.0226
  e	0.0226	0.0226	0.0227	0.0226	0.0226	0.0226	0.0234	0.0521	0.0226	0.0226	0.0373	0.0227	0.0231	0.0226	0.0226	0.0227	0.0226	0.0226	0.0279	0.0227	0.0248	0.0417	0.0226	0.0284	0.0227	0.0226	0.0226	0.0226	0.0226	0.0227	0.023	0.0228	0.0268	0.0226	0.0227	0.0226	0	0.0228	0.0261	0.0227	0.0231	0.0226	0.0226	0.0371	0.0226	0.0241	0.0226
  f	0.0148	0.0119	0.0278	0.0219	0.0116	0.0116	0.0135	0.0116	0.0154	0.0116	0.0182	0.0219	0.0118	0.0123	0.0116	0.0116	0.0116	0.0116	0.0141	0.0117	0.012	0.0732	0.0116	0.0307	0.0278	0.0235	0.0152	0.0116	0.0126	0.0117	0.016	0.0317	0.0171	0.0205	0.0267	0.0116	0.0117	0	0.0119	0.0611	0.0116	0.0162	0.0116	0.0124	0.0176	0.0143	0.0125
  g	0.023	0.024	0.0261	0.023	0.023	0.023	0.0231	0.0315	0.0332	0.023	0.0231	0.0231	0.023	0.0237	0.023	0.023	0.023	0.023	0.0231	0.023	0.0231	0.0253	0.023	0.0231	0.0231	0.023	0.023	0.023	0.023	0.023	0.0231	0.0231	0.0231	0.023	0.0231	0.023	0.0266	0.0237	0	0.0238	0.023	0.023	0.023	0.0231	0.023	0.0233	0.023
  h	0.0173	0.0179	0.0485	0.0231	0.0172	0.0172	0.0188	0.0172	0.0795	0.0172	0.0178	0.0174	0.133	0.0188	0.0245	0.0174	0.0172	0.0172	0.0173	0.0176	0.18	0.0297	0.0172	0.0175	0.0287	0.0172	0.0172	0.0172	0.16	0.0176	0.0445	0.0215	0.1	0.026	0.0264	0.0172	0.0173	0.091	0.0178	0	0.018	0.0172	0.0172	0.0174	0.0198	0.0196	0.0173
  i	0.0226	0.0226	0.0227	0.0226	0.0226	0.0226	0.0229	0.0227	0.0228	0.0226	0.0251	0.0227	0.0228	0.0226	0.0226	0.0229	0.0226	0.0226	0.0227	0.0231	0.0283	0.027	0.0226	0.0228	0.0227	0.0226	0.0226	0.0226	0.0226	0.0232	0.0237	0.0241	0.0244	0.0227	0.0227	0.0226	0.0231	0.0228	0.0226	0.0237	0	0.0226	0.0226	0.0343	0.0226	0.0227	0.0226
  j	0.0222	0.0222	0.0223	0.0222	0.0222	0.0222	0.0222	0.0222	0.0225	0.0222	0.0222	0.0222	0.0222	0.0222	0.0222	0.0222	0.0222	0.0222	0.0222	0.0222	0.0227	0.0256	0.0222	0.0223	0.0248	0.0222	0.0222	0.0222	0.0222	0.0222	0.0222	0.0423	0.0222	0.0222	0.0269	0.0222	0.0222	0.031	0.0222	0.0222	0.0222	0	0.0222	0.0222	0.0336	0.0222	0.0222
  k	0.0226	0.0226	0.0227	0.0226	0.0226	0.0226	0.0227	0.0226	0.0227	0.0226	0.0227	0.0227	0.0226	0.0226	0.0226	0.0227	0.0226	0.0226	0.0227	0.0227	0.0227	0.0227	0.0226	0.0227	0.0227	0.0226	0.0226	0.0226	0.0226	0.0226	0.0227	0.0227	0.0227	0.0227	0.0227	0.0226	0.0227	0.0227	0.0226	0.0226	0.0226	0.0226	0	0.0227	0.0226	0.0227	0.0226
  l	0.0226	0.0226	0.0227	0.0226	0.0226	0.0226	0.0248	0.0238	0.0227	0.0226	0.0287	0.0227	0.0241	0.0226	0.0226	0.023	0.0226	0.0226	0.0227	0.0229	0.0248	0.0274	0.0226	0.0327	0.0227	0.0226	0.0227	0.0226	0.0226	0.0344	0.0237	0.0321	0.0227	0.0226	0.0227	0.0226	0.0371	0.0242	0.0226	0.0228	0.0343	0.0226	0.0226	0	0.0226	0.024	0.0226
  m	0.0225	0.0225	0.0328	0.0342	0.0225	0.0225	0.0226	0.0225	0.0226	0.0225	0.0226	0.0226	0.0226	0.0314	0.0225	0.0225	0.0225	0.0225	0.0226	0.0226	0.0226	0.0353	0.0225	0.0226	0.0226	0.0225	0.0225	0.0225	0.0225	0.0225	0.0293	0.0226	0.0226	0.0226	0.0342	0.0225	0.0226	0.0343	0.0225	0.0259	0.0225	0.0341	0.0225	0.0226	0	0.0226	0.0225
  n	0.0188	0.019	0.0294	0.0188	0.0188	0.0188	0.0191	0.0188	0.0193	0.0188	0.0189	0.0189	0.0188	0.0192	0.0188	0.0188	0.0188	0.0188	0.0188	0.019	0.0264	0.0767	0.0188	0.033	0.0189	0.0188	0.0189	0.0188	0.0246	0.019	0.0188	0.0258	0.0188	0.0188	0.0189	0.0188	0.02	0.0232	0.019	0.0214	0.0188	0.0188	0.0188	0.02	0.0188	0	0.0188
  o	0.0214	0.0214	0.0322	0.0214	0.0213	0.0323	0.0226	0.0213	0.0227	0.0213	0.0245	0.0214	0.0214	0.0214	0.0213	0.0214	0.0214	0.0214	0.0214	0.0214	0.0214	0.0379	0.0213	0.0247	0.022	0.0214	0.0213	0.0213	0.0213	0.0214	0.0216	0.0215	0.0214	0.0214	0.0214	0.0213	0.0214	0.0231	0.0214	0.0214	0.0214	0.0214	0.0213	0.0214	0.0214	0.0214	0

