Character to attribute mapping:
  G: ?
  A: cattle
  B: domestic-mammal
  C: human
  D: mammal
  E: poultry
  F: wild-bird


Substitution rate (mu): 78.73253

Equilibrium frequencies (pi_i):
  A: 0.0992
  B: 0.2109
  C: 0.1608
  D: 0.2011
  E: 0.1241
  F: 0.204

Symmetrized rates from j->i (W_ij):
	A	B	C	D	E	F
  A	0	1.5045	0.2242	0.4417	1.4031	0.8587
  B	1.5045	0	0.2231	0.2233	0.706	0.2142
  C	0.2242	0.2231	0	0.225	0.2964	0.2412
  D	0.4417	0.2233	0.225	0	0.7934	1.5511
  E	1.4031	0.706	0.2964	0.7934	0	10.7568
  F	0.8587	0.2142	0.2412	1.5511	10.7568	0

Actual rates from j->i (Q_ij):
	A	B	C	D	E	F
  A	0	0.1492	0.0222	0.0438	0.1391	0.0851
  B	0.3173	0	0.0471	0.0471	0.1489	0.0452
  C	0.036	0.0359	0	0.0362	0.0477	0.0388
  D	0.0888	0.0449	0.0452	0	0.1596	0.3119
  E	0.1741	0.0876	0.0368	0.0984	0	1.3347
  F	0.1752	0.0437	0.0492	0.3164	2.1944	0

