Character to attribute mapping:
  p: ?
  A: Arizona
  B: Arkansas
  C: California
  D: Colorado
  E: Connecticut
  F: Delaware
  G: Florida
  H: Georgia
  I: Idaho
  J: Illinois
  K: Indiana
  L: Iowa
  M: Kansas
  N: Kentucky
  O: Louisiana
  P: MA
  Q: ME
  R: Maine
  S: Maryland
  T: Massachusetts
  U: Michigan
  V: Minnesota
  W: Mississippi
  X: Missouri
  Y: Montana
  Z: Nebraska
  [: New_Hampshire
  \: New_Jersey
  ]: New_Mexico
  ^: New_York
  _: North_Carolina
  `: North_Dakota
  a: Ohio
  b: Oklahoma
  c: Oregon
  d: Pennsylvania
  e: South_Carolina
  f: South_Dakota
  g: Tennessee
  h: Texas
  i: USA
  j: Utah
  k: Vermont
  l: Virginia
  m: Washington
  n: Wisconsin
  o: Wyoming


Substitution rate (mu): 197.924521

Equilibrium frequencies (pi_i):
  A: 0.0234
  B: 0.0242
  C: 0.0202
  D: 0.0232
  E: 0.0242
  F: 0.0235
  G: 0.0165
  H: 0.0245
  I: 0.0142
  J: 0.0237
  K: 0.0228
  L: 0.0196
  M: 0.0136
  N: 0.023
  O: 0.024
  P: 0.025
  Q: 0.0243
  R: 0.0241
  S: 0.0216
  T: 0.0252
  U: 0.0153
  V: 0.0164
  W: 0.0238
  X: 0.0198
  Y: 0.0204
  Z: 0.0213
  [: 0.0234
  \: 0.024
  ]: 0.0096
  ^: 0.0217
  _: 0.0199
  `: 0.0135
  a: 0.0226
  b: 0.0223
  c: 0.0227
  d: 0.0238
  e: 0.024
  f: 0.0114
  g: 0.0247
  h: 0.02
  i: 0.0238
  j: 0.0227
  k: 0.0238
  l: 0.0227
  m: 0.024
  n: 0.0195
  o: 0.0226

Symmetrized rates from j->i (W_ij):
	A	B	C	D	E	F	G	H	I	J	K	L	M	N	O	P	Q	R	S	T	U	V	W	X	Y	Z	[	\	]	^	_	`	a	b	c	d	e	f	g	h	i	j	k	l	m	n	o
  A	0	0.9263	0.9298	0.9273	0.926	0.9263	0.9298	0.9263	0.9279	0.9265	0.9268	1.2358	0.9268	0.9263	0.9259	0.9271	0.9263	0.927	0.9267	0.9266	0.9261	1.2011	0.9259	0.9289	0.9286	0.9263	0.9263	0.9263	0.9266	0.9272	0.9278	0.9292	0.9269	0.9265	0.9276	0.9259	0.9273	0.9291	0.9264	0.924	0.926	0.9271	0.9259	0.9267	0.9269	0.9276	0.9264
  B	0.9263	0	0.9355	0.9274	0.9262	0.9265	0.9297	0.9266	1.2932	0.9265	0.9267	0.9279	0.9269	0.9315	0.9261	0.9273	0.9265	0.927	0.9267	0.9268	0.9261	0.9443	0.9261	0.9286	0.9286	0.9263	0.9264	0.9264	0.9266	0.9272	0.9277	0.9277	0.9269	0.9267	0.9277	0.9261	0.9276	0.9314	1.2736	0.9275	0.9262	0.9271	0.9261	0.9267	0.927	0.9279	0.9266
  C	0.9298	0.9355	0	1.2163	0.929	0.9297	1.0715	0.9295	1.7304	0.932	0.9533	1.3267	0.9317	0.9451	1.3955	0.9306	0.9294	0.9309	1.5534	0.9302	0.9311	3.1305	0.9289	1.2053	2.3233	0.9303	0.9299	0.9297	0.9819	0.9318	0.9337	1.1105	0.9472	0.9365	2.2462	0.9289	0.9427	1.1493	0.9341	1.2247	0.9294	0.9743	0.9289	0.9305	1.8677	0.939	0.9314
  D	0.9273	0.9274	1.2163	0	0.9271	0.9276	0.9879	0.9279	0.9317	0.9275	0.9302	0.9313	0.9287	0.9277	0.9273	0.9285	0.9275	0.9283	0.9285	0.9279	0.9281	1.2694	0.9271	0.9458	0.9361	0.9308	0.9276	0.9274	0.9546	0.9288	0.9299	1.2175	0.9304	1.3942	0.9361	0.9271	1.1365	0.9727	0.9277	1.0053	0.9274	0.9657	0.9271	0.9281	1.1717	0.9294	0.9277
  E	0.926	0.9262	0.929	0.9271	0	0.9262	0.9312	0.9262	0.9277	0.9262	0.9264	0.9276	0.9267	0.9262	0.9258	0.9914	0.9264	0.927	0.9264	1.3833	0.9259	0.9323	0.9258	0.9285	0.9279	0.926	0.9261	0.9261	0.9264	0.9269	0.9274	0.9275	0.9267	0.9264	0.9272	0.9258	0.9271	0.928	0.9263	0.9236	0.9259	0.9268	0.9258	0.9264	0.9267	0.9271	0.9262
  F	0.9263	0.9265	0.9297	0.9276	0.9262	0	0.9308	0.9265	0.928	0.9265	0.927	0.9288	0.9271	0.9266	0.9261	0.9273	0.9265	0.9271	0.9268	0.927	0.9276	1.0773	0.9261	0.9294	0.9286	0.9266	0.9265	0.9264	0.9267	1.2866	0.9284	1.1189	0.9271	0.9267	0.9278	0.9261	0.9276	0.9294	0.9266	0.9241	0.9263	0.9467	0.9261	0.9271	0.9271	0.9281	0.9266
  G	0.9298	0.9297	1.0715	0.9879	0.9312	0.9308	0	1.1006	1.1434	0.93	0.9316	1.3004	1.2168	0.9337	0.9293	1.8297	0.9575	1.3808	0.9307	1.2503	1.1938	3.6869	0.9292	1.4298	0.937	1.0163	1.1729	1.2187	0.9321	1.3201	1.4467	4.1983	1.8813	0.9308	0.9341	0.9292	1.5918	1.2553	0.9339	1.4422	1.621	0.9324	0.9292	0.9466	0.962	1.365	0.9305
  H	0.9263	0.9266	0.9295	0.9279	0.9262	0.9265	1.1006	0	0.933	0.9265	0.9267	0.928	0.927	0.9265	0.9261	0.9293	0.9265	0.9271	0.9266	0.9269	0.929	0.934	0.9261	0.9289	0.9283	0.9263	0.9265	0.9265	0.9269	0.9302	0.9278	0.932	0.9271	0.9271	0.9276	0.9261	2.1555	0.9285	1.2889	0.9293	0.9263	0.9274	0.9261	0.9267	0.927	0.9274	0.9264
  I	0.9279	1.2932	1.7304	0.9317	0.9277	0.928	1.1434	0.933	0	0.9284	0.929	0.932	0.9292	1.3556	0.9286	0.9328	0.928	0.9289	0.9297	0.9285	0.9333	1.84	0.9277	0.9342	1.6961	0.9285	0.9488	0.928	0.9297	0.9364	0.9311	0.9458	0.9293	0.9286	1.1211	0.9277	0.9387	1.4141	1.2147	4.874	0.9279	0.9292	0.9277	0.9285	0.9332	1.1598	1.3971
  J	0.9265	0.9265	0.932	0.9275	0.9262	0.9265	0.93	0.9265	0.9284	0	0.9277	1.1119	0.9269	0.9265	0.9261	0.9273	0.9265	0.9271	0.927	0.9268	0.9263	1.1046	0.9261	0.9292	1.2163	0.9265	0.9265	0.9266	0.9268	0.9274	0.928	0.9357	0.9271	0.9267	0.9281	0.9261	0.9275	0.9296	0.9267	0.9241	0.9262	0.9273	0.9261	0.9269	0.9274	0.9278	0.9268
  K	0.9268	0.9267	0.9533	0.9302	0.9264	0.927	0.9316	0.9267	0.929	0.9277	0	1.3971	0.9275	0.927	0.9264	0.9275	0.9268	0.9276	0.9441	0.9272	0.9273	1.8555	0.9264	1.1421	1.4013	0.932	0.9268	0.9268	0.9304	0.9281	0.938	1.4035	1.4251	0.9291	0.9411	0.9264	0.9317	1.0681	0.9269	0.9257	0.9265	0.9479	0.9264	0.9273	0.9288	0.9293	0.9345
  L	1.2358	0.9279	1.3267	0.9313	0.9276	0.9288	1.3004	0.928	0.932	1.1119	1.3971	0	0.936	0.9286	0.9279	0.9291	0.928	0.9294	0.93	0.9292	0.9323	3.5093	0.9275	1.122	1.1509	0.9289	0.9285	1.2608	0.9288	0.9334	0.9328	3.1692	0.9338	0.9286	1.0508	0.9275	0.9302	1.6942	0.9281	0.9284	0.9282	0.9307	0.9275	0.9299	0.9591	1.2949	0.9292
  M	0.9268	0.9269	0.9317	0.9287	0.9267	0.9271	1.2168	0.927	0.9292	0.9269	0.9275	0.936	0	0.9507	0.9266	0.9279	0.9269	0.928	0.9273	0.9275	0.9277	1.5016	0.9266	0.9716	0.929	0.928	0.9271	0.927	0.9279	0.9285	1.4985	2.1604	0.928	0.9272	0.9283	0.9266	0.9282	1.4828	0.927	5.9891	0.9271	0.9278	0.9266	1.6953	0.9283	0.9291	0.9271
  N	0.9263	0.9315	0.9451	0.9277	0.9262	0.9266	0.9337	0.9265	1.3556	0.9265	0.927	0.9286	0.9507	0	0.9261	0.9273	0.9265	0.9272	0.9269	0.9269	0.9264	1.3923	0.9261	1.0226	0.9294	0.9313	0.9265	0.9264	0.9269	0.9275	1.0061	1.1028	0.9273	0.9268	0.9282	0.9261	0.9276	1.2411	0.9302	0.9503	0.9262	0.9274	0.9261	0.927	0.9273	0.9342	0.9267
  O	0.9259	0.9261	1.3955	0.9273	0.9258	0.9261	0.9293	0.9261	0.9286	0.9261	0.9264	0.9279	0.9266	0.9261	0	0.927	0.9262	0.9267	0.9265	0.9264	0.9259	0.9328	0.9258	0.9285	0.9282	0.926	0.9261	0.9261	0.9265	0.9268	0.9274	0.9275	0.9266	0.9264	0.9277	0.9258	0.9271	0.9281	0.9263	0.9239	0.9259	0.9269	0.9258	0.9264	0.9289	0.927	0.9261
  P	0.9271	0.9273	0.9306	0.9285	0.9914	0.9273	1.8297	0.9293	0.9328	0.9273	0.9275	0.9291	0.9279	0.9273	0.927	0	1.1284	1.4599	0.9274	3.3975	0.9359	0.9368	0.927	0.9311	0.929	0.9272	1.3241	0.9276	0.9271	0.94	0.9297	0.9839	0.9292	0.9275	0.9284	0.927	0.9324	0.9295	0.9276	0.9308	0.9303	0.928	0.927	0.9276	0.928	0.9291	0.9273
  Q	0.9263	0.9265	0.9294	0.9275	0.9264	0.9265	0.9575	0.9265	0.928	0.9265	0.9268	0.928	0.9269	0.9265	0.9262	1.1284	0	1.4579	0.9267	0.9486	0.9262	0.9332	0.9262	0.9288	0.9282	0.9264	0.9267	0.9265	0.9266	0.9273	0.9281	0.9279	0.9271	0.9267	0.9276	0.9262	0.9276	0.9282	0.9267	0.924	0.9264	0.9272	0.9262	0.9267	0.9271	0.9274	0.9265
  R	0.927	0.927	0.9309	0.9283	0.927	0.9271	1.3808	0.9271	0.9289	0.9271	0.9276	0.9294	0.928	0.9272	0.9267	1.4599	1.4579	0	0.9276	1.2117	0.927	1.3398	0.9267	0.9448	0.9296	0.9273	0.9276	0.9272	0.9271	0.9287	1.2686	0.9382	0.9285	0.9273	0.9285	0.9267	0.9285	0.9313	0.9272	0.9252	0.927	0.928	0.9267	0.9278	0.9278	0.9461	0.9273
  S	0.9267	0.9267	1.5534	0.9285	0.9264	0.9268	0.9307	0.9266	0.9297	0.927	0.9441	0.93	0.9273	0.9269	0.9265	0.9274	0.9267	0.9276	0	0.927	0.9268	2.0664	0.9263	0.9341	1.0047	0.9385	0.9268	0.9266	0.994	0.9282	0.9289	0.9301	0.9283	0.9271	0.9308	0.9263	0.928	0.9412	0.9269	0.9389	0.9264	0.9279	0.9263	0.9273	0.9283	0.9337	0.9304
  T	0.9266	0.9268	0.9302	0.9279	1.3833	0.927	1.2503	0.9269	0.9285	0.9268	0.9272	0.9292	0.9275	0.9269	0.9264	3.3975	0.9486	1.2117	0.927	0	0.9278	0.9657	0.9264	1.1379	0.9287	0.9268	0.9281	0.9269	0.9268	1.4085	0.9439	1.1303	0.928	0.927	0.928	0.9264	0.9283	0.9299	0.927	0.9246	0.9269	0.9277	0.9264	0.9345	0.9274	0.9816	0.9269
  U	0.9261	0.9261	0.9311	0.9281	0.9259	0.9276	1.1938	0.929	0.9333	0.9263	0.9273	0.9323	0.9277	0.9264	0.9259	0.9359	0.9262	0.927	0.9268	0.9278	0	1.8415	0.9259	0.931	0.9288	0.9276	0.9267	0.9262	1.0755	1.4315	0.9323	2.8357	3.5157	0.9265	0.9285	0.9259	0.9393	0.9313	0.9263	4.1606	0.9265	0.9279	0.9259	0.9273	0.9273	0.929	0.9265
  V	1.2011	0.9443	3.1305	1.2694	0.9323	1.0773	3.6869	0.934	1.84	1.1046	1.8555	3.5093	1.5016	1.3923	0.9328	0.9368	0.9332	1.3398	2.0664	0.9657	1.8415	0	0.9321	2.6604	3.2189	2.1614	1.2594	0.939	1.5893	2.2187	2.7917	7.9753	1.5211	1.0282	1.867	0.9321	1.1197	8.981	0.9416	1.6618	0.9341	1.5624	0.9321	1.711	1.1014	3.2758	1.5229
  W	0.9259	0.9261	0.9289	0.9271	0.9258	0.9261	0.9292	0.9261	0.9277	0.9261	0.9264	0.9275	0.9266	0.9261	0.9258	0.927	0.9262	0.9267	0.9263	0.9264	0.9259	0.9321	0	0.9283	0.9278	0.926	0.9261	0.9261	0.9264	0.9268	0.9274	0.9273	0.9266	0.9264	0.9272	0.9258	0.9271	0.9279	0.9263	0.9236	0.9259	0.9268	0.9258	0.9264	0.9267	0.9269	0.9261
  X	0.9289	0.9286	1.2053	0.9458	0.9285	0.9294	1.4298	0.9289	0.9342	0.9292	1.1421	1.122	0.9716	1.0226	0.9285	0.9311	0.9288	0.9448	0.9341	1.1379	0.931	2.6604	0.9283	0	0.9991	0.9576	0.9328	0.929	0.9478	0.9321	1.2576	3.5352	1.2051	0.9426	1.0052	0.9283	0.9576	2.483	0.9289	0.9325	0.929	1.0397	0.9283	0.9307	0.9338	1.7855	1.236
  Y	0.9286	0.9286	2.3233	0.9361	0.9279	0.9286	0.937	0.9283	1.6961	1.2163	1.4013	1.1509	0.929	0.9294	0.9282	0.929	0.9282	0.9296	1.0047	0.9287	0.9288	3.2189	0.9278	0.9991	0	0.9294	0.9288	0.9283	1.1608	0.9307	0.932	0.9788	0.9413	0.9335	1.1122	0.9278	0.9383	1.321	0.9287	0.9999	0.928	0.9667	0.9278	0.9294	1.3232	0.9373	1.2853
  Z	0.9263	0.9263	0.9303	0.9308	0.926	0.9266	1.0163	0.9263	0.9285	0.9265	0.932	0.9289	0.928	0.9313	0.926	0.9272	0.9264	0.9273	0.9385	0.9268	0.9276	2.1614	0.926	0.9576	0.9294	0	0.9265	0.9263	0.9269	0.9286	0.9322	1.404	0.9275	0.9268	0.9282	0.926	0.9277	1.1355	0.9265	0.9253	0.9262	0.9276	0.926	0.927	0.9273	0.9283	0.9276
  [	0.9263	0.9264	0.9299	0.9276	0.9261	0.9265	1.1729	0.9265	0.9488	0.9265	0.9268	0.9285	0.9271	0.9265	0.9261	1.3241	0.9267	0.9276	0.9268	0.9281	0.9267	1.2594	0.9261	0.9328	0.9288	0.9265	0	0.9265	0.9267	0.9278	0.9285	0.9392	0.9272	0.9267	0.9278	0.9261	0.9277	1.085	0.9266	0.9254	0.9264	0.9272	0.9261	0.9268	0.9272	0.9316	0.9266
  \	0.9263	0.9264	0.9297	0.9274	0.9261	0.9264	1.2187	0.9265	0.928	0.9266	0.9268	1.2608	0.927	0.9264	0.9261	0.9276	0.9265	0.9272	0.9266	0.9269	0.9262	0.939	0.9261	0.929	0.9283	0.9263	0.9265	0	0.9265	0.9273	0.9279	0.9301	0.9287	0.9266	0.9276	0.9261	0.9276	0.9286	0.9266	0.9241	0.9264	0.9271	0.9261	0.9266	0.927	0.9276	0.9264
  ]	0.9266	0.9266	0.9819	0.9546	0.9264	0.9267	0.9321	0.9269	0.9297	0.9268	0.9304	0.9288	0.9279	0.9269	0.9265	0.9271	0.9266	0.9271	0.994	0.9268	1.0755	1.5893	0.9264	0.9478	1.1608	0.9269	0.9267	0.9265	0	0.9277	0.9283	0.9308	0.9521	0.9518	0.9339	0.9264	0.9733	0.9658	0.9267	13.4409	0.9264	0.9789	0.9264	0.927	0.9289	0.9366	0.9271
  ^	0.9272	0.9272	0.9318	0.9288	0.9269	1.2866	1.3201	0.9302	0.9364	0.9274	0.9281	0.9334	0.9285	0.9275	0.9268	0.94	0.9273	0.9287	0.9282	1.4085	1.4315	2.2187	0.9268	0.9321	0.9307	0.9286	0.9278	0.9273	0.9277	0	0.9324	1.1306	0.9309	0.9276	0.9291	0.9268	0.9351	0.9337	0.9274	0.9367	0.9275	0.9466	0.9268	1.4002	0.9281	1.1204	0.9278
  _	0.9278	0.9277	0.9337	0.9299	0.9274	0.9284	1.4467	0.9278	0.9311	0.928	0.938	0.9328	1.4985	1.0061	0.9274	0.9297	0.9281	1.2686	0.9289	0.9439	0.9323	2.7917	0.9274	1.2576	0.932	0.9322	0.9285	0.9279	0.9283	0.9324	0	2.6441	1.0956	0.9283	0.9306	0.9274	0.9298	1.5707	0.9279	1.0922	0.9281	0.9298	0.9274	1.0643	0.929	1.2138	0.9287
  `	0.9292	0.9277	1.1105	1.2175	0.9275	1.1189	4.1983	0.932	0.9458	0.9357	1.4035	3.1692	2.1604	1.1028	0.9275	0.9839	0.9279	0.9382	0.9301	1.1303	2.8357	7.9753	0.9273	3.5352	0.9788	1.404	0.9392	0.9301	0.9308	1.1306	2.6441	0	0.9398	0.9302	1.0342	0.9273	1.5597	3.6857	0.928	0.9465	1.2323	1.4931	0.9273	1.1556	0.9469	2.1454	0.9308
  a	0.9269	0.9269	0.9472	0.9304	0.9267	0.9271	1.8813	0.9271	0.9293	0.9271	1.4251	0.9338	0.928	0.9273	0.9266	0.9292	0.9271	0.9285	0.9283	0.928	3.5157	1.5211	0.9266	1.2051	0.9413	0.9275	0.9272	0.9287	0.9521	0.9309	1.0956	0.9398	0	0.9291	1.1665	0.9266	0.9317	0.9589	0.9271	1.3806	0.9313	0.9469	0.9266	0.9277	0.9284	1.021	0.9276
  b	0.9265	0.9267	0.9365	1.3942	0.9264	0.9267	0.9308	0.9271	0.9286	0.9267	0.9291	0.9286	0.9272	0.9268	0.9264	0.9275	0.9267	0.9273	0.9271	0.927	0.9265	1.0282	0.9264	0.9426	0.9335	0.9268	0.9267	0.9266	0.9518	0.9276	0.9283	0.9302	0.9291	0	0.932	0.9264	1.125	1.4138	0.927	1.3943	0.9264	0.9626	0.9264	0.9271	0.928	0.928	0.9268
  c	0.9276	0.9277	2.2462	0.9361	0.9272	0.9278	0.9341	0.9276	1.1211	0.9281	0.9411	1.0508	0.9283	0.9282	0.9277	0.9284	0.9276	0.9285	0.9308	0.928	0.9285	1.867	0.9272	1.0052	1.1122	0.9282	0.9278	0.9276	0.9339	0.9291	0.9306	1.0342	1.1665	0.932	0	0.9272	0.9364	1.6026	0.9279	0.9343	0.9273	0.9643	0.9272	0.9283	1.4675	0.9306	0.9284
  d	0.9259	0.9261	0.9289	0.9271	0.9258	0.9261	0.9292	0.9261	0.9277	0.9261	0.9264	0.9275	0.9266	0.9261	0.9258	0.927	0.9262	0.9267	0.9263	0.9264	0.9259	0.9321	0.9258	0.9283	0.9278	0.926	0.9261	0.9261	0.9264	0.9268	0.9274	0.9273	0.9266	0.9264	0.9272	0	0.9271	0.9279	0.9263	0.9236	0.9259	0.9268	0.9258	0.9264	0.9267	0.9269	0.9261
  e	0.9273	0.9276	0.9427	1.1365	0.9271	0.9276	1.5918	2.1555	0.9387	0.9275	0.9317	0.9302	0.9282	0.9276	0.9271	0.9324	0.9276	0.9285	0.928	0.9283	0.9393	1.1197	0.9271	0.9576	0.9383	0.9277	0.9277	0.9276	0.9733	0.9351	0.9298	1.5597	0.9317	1.125	0.9364	0.9271	0	0.9585	1.099	0.9393	0.9275	0.9936	0.9271	0.9281	0.9289	0.9427	0.9277
  f	0.9291	0.9314	1.1493	0.9727	0.928	0.9294	1.2553	0.9285	1.4141	0.9296	1.0681	1.6942	1.4828	1.2411	0.9281	0.9295	0.9282	0.9313	0.9412	0.9299	0.9313	8.981	0.9279	2.483	1.321	1.1355	1.085	0.9286	0.9658	0.9337	1.5707	3.6857	0.9589	1.4138	1.6026	0.9279	0.9585	0	0.9307	5.1515	0.9284	1.0436	0.9279	0.9366	1.8088	1.5086	0.9313
  g	0.9264	1.2736	0.9341	0.9277	0.9263	0.9266	0.9339	1.2889	1.2147	0.9267	0.9269	0.9281	0.927	0.9302	0.9263	0.9276	0.9267	0.9272	0.9269	0.927	0.9263	0.9416	0.9263	0.9289	0.9287	0.9265	0.9266	0.9266	0.9267	0.9274	0.9279	0.928	0.9271	0.927	0.9279	0.9263	1.099	0.9307	0	0.9269	0.9264	0.9274	0.9263	0.9269	0.9272	0.9279	0.9268
  h	0.924	0.9275	1.2247	1.0053	0.9236	0.9241	1.4422	0.9293	4.874	0.9241	0.9257	0.9284	5.9891	0.9503	0.9239	0.9308	0.924	0.9252	0.9389	0.9246	4.1606	1.6618	0.9236	0.9325	0.9999	0.9253	0.9254	0.9241	13.4409	0.9367	1.0922	0.9465	1.3806	1.3943	0.9343	0.9236	0.9393	5.1515	0.9269	0	0.9242	0.929	0.9236	0.9273	0.9888	0.9642	0.9247
  i	0.926	0.9262	0.9294	0.9274	0.9259	0.9263	1.621	0.9263	0.9279	0.9262	0.9265	0.9282	0.9271	0.9262	0.9259	0.9303	0.9264	0.927	0.9264	0.9269	0.9265	0.9341	0.9259	0.929	0.928	0.9262	0.9264	0.9264	0.9264	0.9275	0.9281	1.2323	0.9313	0.9264	0.9273	0.9259	0.9275	0.9284	0.9264	0.9242	0	0.927	0.9259	0.9266	0.9269	0.9274	0.9262
  j	0.9271	0.9271	0.9743	0.9657	0.9268	0.9467	0.9324	0.9274	0.9292	0.9273	0.9479	0.9307	0.9278	0.9274	0.9269	0.928	0.9272	0.928	0.9279	0.9277	0.9279	1.5624	0.9268	1.0397	0.9667	0.9276	0.9272	0.9271	0.9789	0.9466	0.9298	1.4931	0.9469	0.9626	0.9643	0.9268	0.9936	1.0436	0.9274	0.929	0.927	0	0.9268	0.9279	1.4302	0.9294	0.9277
  k	0.9259	0.9261	0.9289	0.9271	0.9258	0.9261	0.9292	0.9261	0.9277	0.9261	0.9264	0.9275	0.9266	0.9261	0.9258	0.927	0.9262	0.9267	0.9263	0.9264	0.9259	0.9321	0.9258	0.9283	0.9278	0.926	0.9261	0.9261	0.9264	0.9268	0.9274	0.9273	0.9266	0.9264	0.9272	0.9258	0.9271	0.9279	0.9263	0.9236	0.9259	0.9268	0	0.9264	0.9267	0.9269	0.9261
  l	0.9267	0.9267	0.9305	0.9281	0.9264	0.9271	0.9466	0.9267	0.9285	0.9269	0.9273	0.9299	1.6953	0.927	0.9264	0.9276	0.9267	0.9278	0.9273	0.9345	0.9273	1.711	0.9264	0.9307	0.9294	0.927	0.9268	0.9266	0.927	1.4002	1.0643	1.1556	0.9277	0.9271	0.9283	0.9264	0.9281	0.9366	0.9269	0.9273	0.9266	0.9279	0.9264	0	0.9274	0.9297	0.927
  m	0.9269	0.927	1.8677	1.1717	0.9267	0.9271	0.962	0.927	0.9332	0.9274	0.9288	0.9591	0.9283	0.9273	0.9289	0.928	0.9271	0.9278	0.9283	0.9274	0.9273	1.1014	0.9267	0.9338	1.3232	0.9273	0.9272	0.927	0.9289	0.9281	0.929	0.9469	0.9284	0.928	1.4675	0.9267	0.9289	1.8088	0.9272	0.9888	0.9269	1.4302	0.9267	0.9274	0	0.9288	0.9274
  n	0.9276	0.9279	0.939	0.9294	0.9271	0.9281	1.365	0.9274	1.1598	0.9278	0.9293	1.2949	0.9291	0.9342	0.927	0.9291	0.9274	0.9461	0.9337	0.9816	0.929	3.2758	0.9269	1.7855	0.9373	0.9283	0.9316	0.9276	0.9366	1.1204	1.2138	2.1454	1.021	0.928	0.9306	0.9269	0.9427	1.5086	0.9279	0.9642	0.9274	0.9294	0.9269	0.9297	0.9288	0	0.9285
  o	0.9264	0.9266	0.9314	0.9277	0.9262	0.9266	0.9305	0.9264	1.3971	0.9268	0.9345	0.9292	0.9271	0.9267	0.9261	0.9273	0.9265	0.9273	0.9304	0.9269	0.9265	1.5229	0.9261	1.236	1.2853	0.9276	0.9266	0.9264	0.9271	0.9278	0.9287	0.9308	0.9276	0.9268	0.9284	0.9261	0.9277	0.9313	0.9268	0.9247	0.9262	0.9277	0.9261	0.927	0.9274	0.9285	0

Actual rates from j->i (Q_ij):
	A	B	C	D	E	F	G	H	I	J	K	L	M	N	O	P	Q	R	S	T	U	V	W	X	Y	Z	[	\	]	^	_	`	a	b	c	d	e	f	g	h	i	j	k	l	m	n	o
  A	0	0.0216	0.0217	0.0217	0.0216	0.0216	0.0217	0.0216	0.0217	0.0216	0.0216	0.0289	0.0216	0.0216	0.0216	0.0217	0.0216	0.0217	0.0216	0.0216	0.0216	0.0281	0.0216	0.0217	0.0217	0.0216	0.0216	0.0216	0.0216	0.0217	0.0217	0.0217	0.0216	0.0216	0.0217	0.0216	0.0217	0.0217	0.0216	0.0216	0.0216	0.0217	0.0216	0.0216	0.0216	0.0217	0.0216
  B	0.0224	0	0.0226	0.0224	0.0224	0.0224	0.0225	0.0224	0.0313	0.0224	0.0224	0.0224	0.0224	0.0225	0.0224	0.0224	0.0224	0.0224	0.0224	0.0224	0.0224	0.0228	0.0224	0.0224	0.0224	0.0224	0.0224	0.0224	0.0224	0.0224	0.0224	0.0224	0.0224	0.0224	0.0224	0.0224	0.0224	0.0225	0.0308	0.0224	0.0224	0.0224	0.0224	0.0224	0.0224	0.0224	0.0224
  C	0.0188	0.0189	0	0.0245	0.0187	0.0188	0.0216	0.0188	0.0349	0.0188	0.0192	0.0268	0.0188	0.0191	0.0282	0.0188	0.0188	0.0188	0.0313	0.0188	0.0188	0.0632	0.0187	0.0243	0.0469	0.0188	0.0188	0.0188	0.0198	0.0188	0.0188	0.0224	0.0191	0.0189	0.0453	0.0187	0.019	0.0232	0.0188	0.0247	0.0188	0.0197	0.0187	0.0188	0.0377	0.0189	0.0188
  D	0.0215	0.0215	0.0282	0	0.0215	0.0215	0.0229	0.0215	0.0216	0.0215	0.0216	0.0216	0.0215	0.0215	0.0215	0.0215	0.0215	0.0215	0.0215	0.0215	0.0215	0.0294	0.0215	0.0219	0.0217	0.0216	0.0215	0.0215	0.0221	0.0215	0.0216	0.0282	0.0216	0.0323	0.0217	0.0215	0.0264	0.0226	0.0215	0.0233	0.0215	0.0224	0.0215	0.0215	0.0272	0.0216	0.0215
  E	0.0225	0.0225	0.0225	0.0225	0	0.0225	0.0226	0.0225	0.0225	0.0225	0.0225	0.0225	0.0225	0.0225	0.0224	0.024	0.0225	0.0225	0.0225	0.0335	0.0224	0.0226	0.0224	0.0225	0.0225	0.0225	0.0225	0.0225	0.0225	0.0225	0.0225	0.0225	0.0225	0.0225	0.0225	0.0224	0.0225	0.0225	0.0225	0.0224	0.0224	0.0225	0.0224	0.0225	0.0225	0.0225	0.0225
  F	0.0218	0.0218	0.0218	0.0218	0.0217	0	0.0219	0.0218	0.0218	0.0218	0.0218	0.0218	0.0218	0.0218	0.0217	0.0218	0.0218	0.0218	0.0218	0.0218	0.0218	0.0253	0.0217	0.0218	0.0218	0.0218	0.0218	0.0218	0.0218	0.0302	0.0218	0.0263	0.0218	0.0218	0.0218	0.0217	0.0218	0.0218	0.0218	0.0217	0.0218	0.0222	0.0217	0.0218	0.0218	0.0218	0.0218
  G	0.0153	0.0153	0.0177	0.0163	0.0154	0.0154	0	0.0182	0.0189	0.0153	0.0154	0.0215	0.0201	0.0154	0.0153	0.0302	0.0158	0.0228	0.0154	0.0206	0.0197	0.0608	0.0153	0.0236	0.0155	0.0168	0.0194	0.0201	0.0154	0.0218	0.0239	0.0693	0.031	0.0154	0.0154	0.0153	0.0263	0.0207	0.0154	0.0238	0.0267	0.0154	0.0153	0.0156	0.0159	0.0225	0.0154
  H	0.0227	0.0227	0.0228	0.0227	0.0227	0.0227	0.027	0	0.0229	0.0227	0.0227	0.0227	0.0227	0.0227	0.0227	0.0228	0.0227	0.0227	0.0227	0.0227	0.0228	0.0229	0.0227	0.0228	0.0227	0.0227	0.0227	0.0227	0.0227	0.0228	0.0227	0.0228	0.0227	0.0227	0.0227	0.0227	0.0528	0.0228	0.0316	0.0228	0.0227	0.0227	0.0227	0.0227	0.0227	0.0227	0.0227
  I	0.0132	0.0184	0.0246	0.0132	0.0132	0.0132	0.0162	0.0133	0	0.0132	0.0132	0.0132	0.0132	0.0193	0.0132	0.0133	0.0132	0.0132	0.0132	0.0132	0.0133	0.0261	0.0132	0.0133	0.0241	0.0132	0.0135	0.0132	0.0132	0.0133	0.0132	0.0134	0.0132	0.0132	0.0159	0.0132	0.0133	0.0201	0.0173	0.0693	0.0132	0.0132	0.0132	0.0132	0.0133	0.0165	0.0199
  J	0.0219	0.0219	0.0221	0.0219	0.0219	0.0219	0.022	0.0219	0.022	0	0.0219	0.0263	0.0219	0.0219	0.0219	0.0219	0.0219	0.0219	0.0219	0.0219	0.0219	0.0261	0.0219	0.022	0.0288	0.0219	0.0219	0.0219	0.0219	0.0219	0.022	0.0221	0.0219	0.0219	0.022	0.0219	0.0219	0.022	0.0219	0.0219	0.0219	0.0219	0.0219	0.0219	0.0219	0.022	0.0219
  K	0.0211	0.0211	0.0217	0.0212	0.0211	0.0211	0.0212	0.0211	0.0212	0.0211	0	0.0318	0.0211	0.0211	0.0211	0.0211	0.0211	0.0211	0.0215	0.0211	0.0211	0.0423	0.0211	0.026	0.0319	0.0212	0.0211	0.0211	0.0212	0.0211	0.0214	0.032	0.0325	0.0212	0.0214	0.0211	0.0212	0.0243	0.0211	0.0211	0.0211	0.0216	0.0211	0.0211	0.0212	0.0212	0.0213
  L	0.0243	0.0182	0.0261	0.0183	0.0182	0.0182	0.0255	0.0182	0.0183	0.0218	0.0274	0	0.0184	0.0182	0.0182	0.0182	0.0182	0.0183	0.0183	0.0182	0.0183	0.0689	0.0182	0.022	0.0226	0.0182	0.0182	0.0248	0.0182	0.0183	0.0183	0.0622	0.0183	0.0182	0.0206	0.0182	0.0183	0.0333	0.0182	0.0182	0.0182	0.0183	0.0182	0.0183	0.0188	0.0254	0.0182
  M	0.0126	0.0126	0.0126	0.0126	0.0126	0.0126	0.0165	0.0126	0.0126	0.0126	0.0126	0.0127	0	0.0129	0.0126	0.0126	0.0126	0.0126	0.0126	0.0126	0.0126	0.0204	0.0126	0.0132	0.0126	0.0126	0.0126	0.0126	0.0126	0.0126	0.0203	0.0293	0.0126	0.0126	0.0126	0.0126	0.0126	0.0201	0.0126	0.0812	0.0126	0.0126	0.0126	0.023	0.0126	0.0126	0.0126
  N	0.0213	0.0214	0.0217	0.0213	0.0213	0.0213	0.0215	0.0213	0.0312	0.0213	0.0213	0.0214	0.0219	0	0.0213	0.0213	0.0213	0.0213	0.0213	0.0213	0.0213	0.032	0.0213	0.0235	0.0214	0.0214	0.0213	0.0213	0.0213	0.0213	0.0231	0.0254	0.0213	0.0213	0.0214	0.0213	0.0213	0.0286	0.0214	0.0219	0.0213	0.0213	0.0213	0.0213	0.0213	0.0215	0.0213
  O	0.0222	0.0222	0.0335	0.0223	0.0222	0.0222	0.0223	0.0222	0.0223	0.0222	0.0222	0.0223	0.0222	0.0222	0	0.0222	0.0222	0.0222	0.0222	0.0222	0.0222	0.0224	0.0222	0.0223	0.0223	0.0222	0.0222	0.0222	0.0222	0.0222	0.0223	0.0223	0.0222	0.0222	0.0223	0.0222	0.0222	0.0223	0.0222	0.0222	0.0222	0.0222	0.0222	0.0222	0.0223	0.0222	0.0222
  P	0.0232	0.0232	0.0233	0.0232	0.0248	0.0232	0.0457	0.0232	0.0233	0.0232	0.0232	0.0232	0.0232	0.0232	0.0232	0	0.0282	0.0365	0.0232	0.0849	0.0234	0.0234	0.0232	0.0233	0.0232	0.0232	0.0331	0.0232	0.0232	0.0235	0.0232	0.0246	0.0232	0.0232	0.0232	0.0232	0.0233	0.0232	0.0232	0.0233	0.0232	0.0232	0.0232	0.0232	0.0232	0.0232	0.0232
  Q	0.0225	0.0225	0.0226	0.0225	0.0225	0.0225	0.0233	0.0225	0.0225	0.0225	0.0225	0.0225	0.0225	0.0225	0.0225	0.0274	0	0.0354	0.0225	0.023	0.0225	0.0227	0.0225	0.0226	0.0226	0.0225	0.0225	0.0225	0.0225	0.0225	0.0225	0.0225	0.0225	0.0225	0.0225	0.0225	0.0225	0.0226	0.0225	0.0224	0.0225	0.0225	0.0225	0.0225	0.0225	0.0225	0.0225
  R	0.0223	0.0223	0.0224	0.0223	0.0223	0.0223	0.0332	0.0223	0.0224	0.0223	0.0223	0.0224	0.0223	0.0223	0.0223	0.0351	0.0351	0	0.0223	0.0292	0.0223	0.0322	0.0223	0.0227	0.0224	0.0223	0.0223	0.0223	0.0223	0.0223	0.0305	0.0226	0.0223	0.0223	0.0223	0.0223	0.0223	0.0224	0.0223	0.0223	0.0223	0.0223	0.0223	0.0223	0.0223	0.0228	0.0223
  S	0.02	0.02	0.0335	0.02	0.02	0.02	0.0201	0.02	0.0201	0.02	0.0204	0.0201	0.02	0.02	0.02	0.02	0.02	0.02	0	0.02	0.02	0.0446	0.02	0.0202	0.0217	0.0203	0.02	0.02	0.0215	0.02	0.0201	0.0201	0.02	0.02	0.0201	0.02	0.02	0.0203	0.02	0.0203	0.02	0.02	0.02	0.02	0.02	0.0202	0.0201
  T	0.0233	0.0233	0.0234	0.0233	0.0348	0.0233	0.0315	0.0233	0.0234	0.0233	0.0233	0.0234	0.0233	0.0233	0.0233	0.0855	0.0239	0.0305	0.0233	0	0.0233	0.0243	0.0233	0.0286	0.0234	0.0233	0.0233	0.0233	0.0233	0.0354	0.0237	0.0284	0.0233	0.0233	0.0233	0.0233	0.0234	0.0234	0.0233	0.0233	0.0233	0.0233	0.0233	0.0235	0.0233	0.0247	0.0233
  U	0.0141	0.0141	0.0142	0.0142	0.0141	0.0142	0.0182	0.0142	0.0142	0.0141	0.0142	0.0142	0.0142	0.0141	0.0141	0.0143	0.0141	0.0141	0.0141	0.0142	0	0.0281	0.0141	0.0142	0.0142	0.0142	0.0141	0.0141	0.0164	0.0218	0.0142	0.0433	0.0536	0.0141	0.0142	0.0141	0.0143	0.0142	0.0141	0.0635	0.0141	0.0142	0.0141	0.0142	0.0142	0.0142	0.0141
  V	0.0197	0.0155	0.0513	0.0208	0.0153	0.0176	0.0604	0.0153	0.0301	0.0181	0.0304	0.0575	0.0246	0.0228	0.0153	0.0153	0.0153	0.0219	0.0338	0.0158	0.0302	0	0.0153	0.0436	0.0527	0.0354	0.0206	0.0154	0.026	0.0363	0.0457	0.1306	0.0249	0.0168	0.0306	0.0153	0.0183	0.1471	0.0154	0.0272	0.0153	0.0256	0.0153	0.028	0.018	0.0536	0.0249
  W	0.022	0.022	0.0221	0.0221	0.022	0.022	0.0221	0.022	0.0221	0.022	0.022	0.0221	0.022	0.022	0.022	0.0221	0.022	0.022	0.022	0.022	0.022	0.0222	0	0.0221	0.0221	0.022	0.022	0.022	0.022	0.0221	0.0221	0.0221	0.022	0.022	0.0221	0.022	0.0221	0.0221	0.022	0.022	0.022	0.0221	0.022	0.022	0.022	0.0221	0.022
  X	0.0184	0.0183	0.0238	0.0187	0.0183	0.0184	0.0282	0.0184	0.0185	0.0184	0.0226	0.0222	0.0192	0.0202	0.0183	0.0184	0.0184	0.0187	0.0185	0.0225	0.0184	0.0526	0.0183	0	0.0197	0.0189	0.0184	0.0184	0.0187	0.0184	0.0248	0.0698	0.0238	0.0186	0.0199	0.0183	0.0189	0.0491	0.0184	0.0184	0.0184	0.0205	0.0183	0.0184	0.0184	0.0353	0.0244
  Y	0.019	0.019	0.0475	0.0191	0.019	0.019	0.0191	0.019	0.0347	0.0249	0.0286	0.0235	0.019	0.019	0.019	0.019	0.019	0.019	0.0205	0.019	0.019	0.0658	0.019	0.0204	0	0.019	0.019	0.019	0.0237	0.019	0.019	0.02	0.0192	0.0191	0.0227	0.019	0.0192	0.027	0.019	0.0204	0.019	0.0198	0.019	0.019	0.027	0.0192	0.0263
  Z	0.0197	0.0197	0.0198	0.0198	0.0197	0.0198	0.0217	0.0197	0.0198	0.0198	0.0199	0.0198	0.0198	0.0199	0.0197	0.0198	0.0197	0.0198	0.02	0.0198	0.0198	0.0461	0.0197	0.0204	0.0198	0	0.0198	0.0197	0.0198	0.0198	0.0199	0.0299	0.0198	0.0198	0.0198	0.0197	0.0198	0.0242	0.0198	0.0197	0.0197	0.0198	0.0197	0.0198	0.0198	0.0198	0.0198
  [	0.0217	0.0217	0.0218	0.0217	0.0217	0.0217	0.0274	0.0217	0.0222	0.0217	0.0217	0.0217	0.0217	0.0217	0.0217	0.031	0.0217	0.0217	0.0217	0.0217	0.0217	0.0295	0.0217	0.0218	0.0217	0.0217	0	0.0217	0.0217	0.0217	0.0217	0.022	0.0217	0.0217	0.0217	0.0217	0.0217	0.0254	0.0217	0.0217	0.0217	0.0217	0.0217	0.0217	0.0217	0.0218	0.0217
  \	0.0222	0.0222	0.0223	0.0222	0.0222	0.0222	0.0292	0.0222	0.0222	0.0222	0.0222	0.0302	0.0222	0.0222	0.0222	0.0222	0.0222	0.0222	0.0222	0.0222	0.0222	0.0225	0.0222	0.0223	0.0223	0.0222	0.0222	0	0.0222	0.0222	0.0222	0.0223	0.0223	0.0222	0.0222	0.0222	0.0222	0.0223	0.0222	0.0222	0.0222	0.0222	0.0222	0.0222	0.0222	0.0222	0.0222
  ]	0.0089	0.0089	0.0094	0.0091	0.0089	0.0089	0.0089	0.0089	0.0089	0.0089	0.0089	0.0089	0.0089	0.0089	0.0089	0.0089	0.0089	0.0089	0.0095	0.0089	0.0103	0.0152	0.0089	0.0091	0.0111	0.0089	0.0089	0.0089	0	0.0089	0.0089	0.0089	0.0091	0.0091	0.0089	0.0089	0.0093	0.0092	0.0089	0.1285	0.0089	0.0094	0.0089	0.0089	0.0089	0.009	0.0089
  ^	0.0202	0.0202	0.0203	0.0202	0.0201	0.028	0.0287	0.0202	0.0204	0.0202	0.0202	0.0203	0.0202	0.0202	0.0201	0.0204	0.0202	0.0202	0.0202	0.0306	0.0311	0.0482	0.0201	0.0203	0.0202	0.0202	0.0202	0.0202	0.0202	0	0.0203	0.0246	0.0202	0.0202	0.0202	0.0201	0.0203	0.0203	0.0202	0.0204	0.0202	0.0206	0.0201	0.0304	0.0202	0.0244	0.0202
  _	0.0185	0.0185	0.0186	0.0185	0.0185	0.0185	0.0288	0.0185	0.0186	0.0185	0.0187	0.0186	0.0299	0.0201	0.0185	0.0185	0.0185	0.0253	0.0185	0.0188	0.0186	0.0557	0.0185	0.0251	0.0186	0.0186	0.0185	0.0185	0.0185	0.0186	0	0.0527	0.0218	0.0185	0.0186	0.0185	0.0185	0.0313	0.0185	0.0218	0.0185	0.0185	0.0185	0.0212	0.0185	0.0242	0.0185
  `	0.0126	0.0125	0.015	0.0165	0.0125	0.0151	0.0567	0.0126	0.0128	0.0126	0.019	0.0428	0.0292	0.0149	0.0125	0.0133	0.0125	0.0127	0.0126	0.0153	0.0383	0.1078	0.0125	0.0478	0.0132	0.019	0.0127	0.0126	0.0126	0.0153	0.0357	0	0.0127	0.0126	0.014	0.0125	0.0211	0.0498	0.0125	0.0128	0.0167	0.0202	0.0125	0.0156	0.0128	0.029	0.0126
  a	0.0209	0.0209	0.0214	0.021	0.0209	0.0209	0.0425	0.0209	0.021	0.0209	0.0322	0.0211	0.0209	0.0209	0.0209	0.021	0.0209	0.021	0.021	0.0209	0.0794	0.0343	0.0209	0.0272	0.0212	0.0209	0.0209	0.021	0.0215	0.021	0.0247	0.0212	0	0.021	0.0263	0.0209	0.021	0.0216	0.0209	0.0312	0.021	0.0214	0.0209	0.0209	0.021	0.023	0.0209
  b	0.0207	0.0207	0.0209	0.0311	0.0207	0.0207	0.0208	0.0207	0.0207	0.0207	0.0207	0.0207	0.0207	0.0207	0.0207	0.0207	0.0207	0.0207	0.0207	0.0207	0.0207	0.023	0.0207	0.021	0.0208	0.0207	0.0207	0.0207	0.0213	0.0207	0.0207	0.0208	0.0207	0	0.0208	0.0207	0.0251	0.0316	0.0207	0.0311	0.0207	0.0215	0.0207	0.0207	0.0207	0.0207	0.0207
  c	0.021	0.021	0.0509	0.0212	0.021	0.021	0.0212	0.021	0.0254	0.021	0.0213	0.0238	0.021	0.021	0.021	0.021	0.021	0.021	0.0211	0.021	0.021	0.0423	0.021	0.0228	0.0252	0.021	0.021	0.021	0.0212	0.021	0.0211	0.0234	0.0264	0.0211	0	0.021	0.0212	0.0363	0.021	0.0212	0.021	0.0218	0.021	0.021	0.0332	0.0211	0.021
  d	0.022	0.022	0.0221	0.0221	0.022	0.022	0.0221	0.022	0.0221	0.022	0.022	0.0221	0.022	0.022	0.022	0.0221	0.022	0.022	0.022	0.022	0.022	0.0222	0.022	0.0221	0.0221	0.022	0.022	0.022	0.022	0.0221	0.0221	0.0221	0.022	0.022	0.0221	0	0.0221	0.0221	0.022	0.022	0.022	0.0221	0.022	0.022	0.022	0.0221	0.022
  e	0.0222	0.0222	0.0226	0.0272	0.0222	0.0222	0.0381	0.0517	0.0225	0.0222	0.0223	0.0223	0.0222	0.0222	0.0222	0.0223	0.0222	0.0222	0.0222	0.0222	0.0225	0.0268	0.0222	0.0229	0.0225	0.0222	0.0222	0.0222	0.0233	0.0224	0.0223	0.0374	0.0223	0.027	0.0224	0.0222	0	0.023	0.0263	0.0225	0.0222	0.0238	0.0222	0.0222	0.0223	0.0226	0.0222
  f	0.0106	0.0106	0.0131	0.0111	0.0106	0.0106	0.0143	0.0106	0.0161	0.0106	0.0122	0.0193	0.0169	0.0141	0.0106	0.0106	0.0106	0.0106	0.0107	0.0106	0.0106	0.1022	0.0106	0.0283	0.015	0.0129	0.0123	0.0106	0.011	0.0106	0.0179	0.0419	0.0109	0.0161	0.0182	0.0106	0.0109	0	0.0106	0.0586	0.0106	0.0119	0.0106	0.0107	0.0206	0.0172	0.0106
  g	0.0229	0.0315	0.0231	0.0229	0.0229	0.0229	0.0231	0.0318	0.03	0.0229	0.0229	0.0229	0.0229	0.023	0.0229	0.0229	0.0229	0.0229	0.0229	0.0229	0.0229	0.0233	0.0229	0.0229	0.0229	0.0229	0.0229	0.0229	0.0229	0.0229	0.0229	0.0229	0.0229	0.0229	0.0229	0.0229	0.0271	0.023	0	0.0229	0.0229	0.0229	0.0229	0.0229	0.0229	0.0229	0.0229
  h	0.0185	0.0185	0.0245	0.0201	0.0185	0.0185	0.0288	0.0186	0.0974	0.0185	0.0185	0.0186	0.1197	0.019	0.0185	0.0186	0.0185	0.0185	0.0188	0.0185	0.0832	0.0332	0.0185	0.0186	0.02	0.0185	0.0185	0.0185	0.2686	0.0187	0.0218	0.0189	0.0276	0.0279	0.0187	0.0185	0.0188	0.103	0.0185	0	0.0185	0.0186	0.0185	0.0185	0.0198	0.0193	0.0185
  i	0.022	0.022	0.0221	0.0221	0.022	0.022	0.0385	0.022	0.0221	0.022	0.022	0.0221	0.022	0.022	0.022	0.0221	0.022	0.022	0.022	0.022	0.022	0.0222	0.022	0.0221	0.0221	0.022	0.022	0.022	0.022	0.0221	0.0221	0.0293	0.0221	0.022	0.022	0.022	0.0221	0.0221	0.022	0.022	0	0.022	0.022	0.022	0.022	0.0221	0.022
  j	0.021	0.021	0.0221	0.0219	0.021	0.0214	0.0211	0.021	0.021	0.021	0.0215	0.0211	0.021	0.021	0.021	0.021	0.021	0.021	0.021	0.021	0.021	0.0354	0.021	0.0236	0.0219	0.021	0.021	0.021	0.0222	0.0214	0.0211	0.0338	0.0214	0.0218	0.0218	0.021	0.0225	0.0236	0.021	0.021	0.021	0	0.021	0.021	0.0324	0.0211	0.021
  k	0.022	0.022	0.0221	0.0221	0.022	0.022	0.0221	0.022	0.0221	0.022	0.022	0.0221	0.022	0.022	0.022	0.0221	0.022	0.022	0.022	0.022	0.022	0.0222	0.022	0.0221	0.0221	0.022	0.022	0.022	0.022	0.0221	0.0221	0.0221	0.022	0.022	0.0221	0.022	0.0221	0.0221	0.022	0.022	0.022	0.0221	0	0.022	0.022	0.0221	0.022
  l	0.021	0.021	0.0211	0.0211	0.021	0.0211	0.0215	0.021	0.0211	0.0211	0.0211	0.0211	0.0385	0.0211	0.021	0.0211	0.0211	0.0211	0.0211	0.0212	0.0211	0.0389	0.021	0.0211	0.0211	0.0211	0.0211	0.021	0.0211	0.0318	0.0242	0.0262	0.0211	0.0211	0.0211	0.021	0.0211	0.0213	0.0211	0.0211	0.021	0.0211	0.021	0	0.0211	0.0211	0.0211
  m	0.0223	0.0223	0.0449	0.0281	0.0223	0.0223	0.0231	0.0223	0.0224	0.0223	0.0223	0.023	0.0223	0.0223	0.0223	0.0223	0.0223	0.0223	0.0223	0.0223	0.0223	0.0265	0.0223	0.0224	0.0318	0.0223	0.0223	0.0223	0.0223	0.0223	0.0223	0.0227	0.0223	0.0223	0.0352	0.0223	0.0223	0.0434	0.0223	0.0237	0.0223	0.0343	0.0223	0.0223	0	0.0223	0.0223
  n	0.0181	0.0181	0.0183	0.0181	0.0181	0.0181	0.0266	0.0181	0.0226	0.0181	0.0181	0.0252	0.0181	0.0182	0.0181	0.0181	0.0181	0.0184	0.0182	0.0191	0.0181	0.0638	0.0181	0.0348	0.0183	0.0181	0.0181	0.0181	0.0182	0.0218	0.0236	0.0418	0.0199	0.0181	0.0181	0.0181	0.0184	0.0294	0.0181	0.0188	0.0181	0.0181	0.0181	0.0181	0.0181	0	0.0181
  o	0.0209	0.0209	0.021	0.0209	0.0209	0.0209	0.021	0.0209	0.0315	0.0209	0.0211	0.021	0.0209	0.0209	0.0209	0.0209	0.0209	0.0209	0.021	0.0209	0.0209	0.0344	0.0209	0.0279	0.029	0.0209	0.0209	0.0209	0.0209	0.0209	0.021	0.021	0.0209	0.0209	0.0209	0.0209	0.0209	0.021	0.0209	0.0209	0.0209	0.0209	0.0209	0.0209	0.0209	0.021	0

