Character to attribute mapping:
  p: ?
  A: Arizona
  B: Arkansas
  C: California
  D: Colorado
  E: Connecticut
  F: Delaware
  G: Florida
  H: Georgia
  I: Idaho
  J: Illinois
  K: Indiana
  L: Iowa
  M: Kansas
  N: Kentucky
  O: Louisiana
  P: MA
  Q: ME
  R: Maine
  S: Maryland
  T: Massachusetts
  U: Michigan
  V: Minnesota
  W: Mississippi
  X: Missouri
  Y: Montana
  Z: Nebraska
  [: New_Hampshire
  \: New_Jersey
  ]: New_Mexico
  ^: New_York
  _: North_Carolina
  `: North_Dakota
  a: Ohio
  b: Oklahoma
  c: Oregon
  d: Pennsylvania
  e: South_Carolina
  f: South_Dakota
  g: Tennessee
  h: Texas
  i: USA
  j: Utah
  k: Vermont
  l: Virginia
  m: Washington
  n: Wisconsin
  o: Wyoming


Substitution rate (mu): 183.158701

Equilibrium frequencies (pi_i):
  A: 0.0228
  B: 0.0227
  C: 0.0195
  D: 0.0228
  E: 0.0232
  F: 0.023
  G: 0.0214
  H: 0.0237
  I: 0.0184
  J: 0.0232
  K: 0.0227
  L: 0.0202
  M: 0.0137
  N: 0.0222
  O: 0.0229
  P: 0.023
  Q: 0.0233
  R: 0.0237
  S: 0.0224
  T: 0.0239
  U: 0.0186
  V: 0.0158
  W: 0.0228
  X: 0.0188
  Y: 0.0205
  Z: 0.0218
  [: 0.0232
  \: 0.0224
  ]: 0.0112
  ^: 0.0235
  _: 0.0211
  `: 0.0154
  a: 0.0205
  b: 0.0218
  c: 0.0218
  d: 0.0228
  e: 0.0238
  f: 0.0151
  g: 0.0233
  h: 0.0207
  i: 0.023
  j: 0.0208
  k: 0.0228
  l: 0.0237
  m: 0.0233
  n: 0.0214
  o: 0.0216

Symmetrized rates from j->i (W_ij):
	A	B	C	D	E	F	G	H	I	J	K	L	M	N	O	P	Q	R	S	T	U	V	W	X	Y	Z	[	\	]	^	_	`	a	b	c	d	e	f	g	h	i	j	k	l	m	n	o
  A	0	0.9275	0.9302	0.9279	0.9274	0.9274	0.9306	0.928	0.9281	0.9279	0.9291	0.9338	0.9276	0.9276	0.9279	0.9278	0.9276	0.9278	0.9279	0.9279	0.9357	0.9306	0.9274	0.9288	0.9442	0.9276	0.9279	0.9278	0.9274	0.9282	0.9286	0.9379	0.9301	0.9282	0.9288	0.9274	1.2552	1.3338	0.9281	0.9253	0.9275	0.928	0.9274	0.9283	0.9288	0.9288	0.9274
  B	0.9275	0	0.9335	0.9276	0.9271	0.9271	0.9301	0.9275	0.9302	0.9276	0.9288	0.9333	0.9273	0.9274	0.9276	0.9275	0.9273	0.9275	0.9277	0.9276	0.9355	0.9328	0.9271	0.9285	0.9306	0.9273	0.9276	0.9275	0.9273	0.9279	0.928	0.9372	0.9299	0.9278	0.9285	0.9271	0.9282	1.3894	0.9276	0.9281	0.9273	0.9277	0.9271	0.9278	0.9283	0.9292	0.9272
  C	0.9302	0.9335	0	1.3034	0.9296	0.9296	1.3911	0.9302	2.4337	0.9466	1.0127	2.2293	0.9311	1.2794	1.2548	0.9301	0.9298	0.9303	0.9322	0.9308	0.9391	2.1951	0.9296	1.204	1.4305	0.9303	0.9306	0.9306	1.1614	0.9312	0.9316	1.1828	0.9346	0.9517	2.9809	0.9296	0.9313	2.073	1.2717	1.666	0.9298	1.0142	0.9296	0.9305	1.6606	1.1476	0.9304
  D	0.9279	0.9276	1.3034	0	0.9275	0.9275	0.9489	0.9279	0.9341	0.9281	0.9403	0.9357	0.9294	0.9379	0.9473	0.9279	0.9277	0.928	0.9284	0.928	0.9363	1.0519	0.9275	0.9298	1.3074	0.9278	0.928	0.9279	0.9278	0.9284	0.9286	1.1147	0.9428	0.9494	0.9368	0.9275	0.9287	1.441	0.9285	0.9441	0.9277	0.9288	0.9275	0.9282	0.9353	0.9299	0.9277
  E	0.9274	0.9271	0.9296	0.9275	0	0.9271	0.9301	0.9275	0.9277	0.9276	0.9287	0.9334	0.9272	0.9273	0.9276	0.9276	0.9273	0.9275	0.9276	1.3967	0.9356	0.9296	0.9271	0.9284	0.9294	0.9273	0.9278	0.9275	0.9271	0.928	0.9279	0.9371	0.9298	0.9277	0.9284	0.9271	0.9281	0.9296	0.9276	0.9247	0.9273	0.9277	0.9271	0.9278	0.9282	0.9282	0.9272
  F	0.9274	0.9271	0.9296	0.9275	0.9271	0	0.9303	0.9276	0.9278	0.9276	0.9287	0.9333	0.9272	0.9274	0.9276	0.9275	0.9273	0.9276	0.9276	0.9276	0.9356	0.9294	0.9271	0.9284	0.9295	0.9273	0.9276	0.9275	0.9272	0.9365	1.4043	0.9371	0.9298	0.9277	0.9284	0.9271	0.9368	0.9297	0.9277	0.9248	0.9273	0.9277	0.9271	0.928	0.9282	0.9283	0.9272
  G	0.9306	0.9301	1.3911	0.9489	0.9301	0.9303	0	0.9424	0.9326	0.931	1.1317	1.1337	0.93	0.9357	0.9348	1.2275	0.9307	1.3266	0.9402	0.9322	1.4593	1.6094	0.93	1.404	0.9489	0.931	0.9336	1.0963	0.9292	2.1889	2.2442	1.8907	1.1969	0.9309	0.9341	0.93	1.5119	1.151	0.948	0.9481	1.415	0.9316	0.93	1.0546	0.9332	1.2547	0.9308
  H	0.928	0.9275	0.9302	0.9279	0.9275	0.9276	0.9424	0	0.9281	0.928	0.9291	0.9338	0.9275	0.9277	0.928	0.9279	0.9277	0.928	0.928	0.928	0.9372	0.9299	0.9275	0.9288	0.9299	0.9277	0.928	0.9279	0.9274	0.9286	0.9617	0.9377	0.9302	0.9281	0.9288	0.9275	1.6166	0.9303	1.3829	0.925	0.9277	0.9281	0.9275	0.9869	0.9286	0.931	0.9276
  I	0.9281	0.9302	2.4337	0.9341	0.9277	0.9278	0.9326	0.9281	0	0.9283	0.9298	0.9355	0.9292	0.9362	0.9335	0.9281	0.9279	0.9282	0.9286	0.9283	0.9353	1.559	0.9277	0.9321	1.4066	0.9282	0.9281	0.9282	1.1149	0.9285	0.9288	1.3932	0.9306	0.9288	1.176	0.9277	0.9287	1.2226	0.9381	2.5689	0.9279	0.9439	0.9277	0.9283	0.9615	1.207	0.928
  J	0.9279	0.9276	0.9466	0.9281	0.9276	0.9276	0.931	0.928	0.9283	0	1.2264	0.9993	0.9275	0.9279	0.9281	0.928	0.9278	0.9281	0.9282	0.9282	0.9364	0.9314	0.9276	1.2074	1.0245	0.9278	0.9282	0.928	0.9274	0.9285	0.9284	0.9402	0.9306	0.9284	0.9294	0.9276	0.9286	0.9315	0.9281	0.9253	0.9278	0.9282	0.9276	0.9283	0.929	0.9289	0.9278
  K	0.9291	0.9288	1.0127	0.9403	0.9287	0.9287	1.1317	0.9291	0.9298	1.2264	0	1.1342	0.9285	0.9296	0.9293	0.9294	0.9289	0.9295	0.9298	0.9296	1.3289	1.0121	0.9287	1.3746	1.1417	0.9296	0.9293	0.9294	0.9284	1.0314	0.9304	1.6099	1.3789	1.0786	0.9649	0.9287	0.9302	1.4935	0.9293	0.928	0.9292	0.9296	0.9287	0.9297	0.9387	0.9315	0.929
  L	0.9338	0.9333	2.2293	0.9357	0.9334	0.9333	1.1337	0.9338	0.9355	0.9993	1.1342	0	0.932	0.9443	0.9343	0.936	0.9335	0.9346	1.3008	1.2162	1.0478	2.3892	0.9332	1.325	1.5098	0.934	1.2615	0.983	0.9347	0.944	0.9386	2.9961	1.3842	0.9358	0.9572	0.9332	0.935	2.2764	0.9341	0.9372	0.9353	1.4436	0.9332	0.9343	1.1365	0.9431	0.9345
  M	0.9276	0.9273	0.9311	0.9294	0.9272	0.9272	0.93	0.9275	0.9292	0.9275	0.9285	0.932	0	0.9277	0.9276	0.9274	0.9273	0.9277	0.9277	0.9275	0.9375	0.9343	0.9272	0.9376	0.9313	1.2839	0.9275	0.9274	1.0901	0.9278	1.3093	2.4026	0.9296	0.9646	0.9287	0.9272	0.9282	2.2652	0.9275	6.3023	0.9273	0.9279	0.9272	0.9277	0.9283	0.9288	0.9273
  N	0.9276	0.9274	1.2794	0.9379	0.9273	0.9274	0.9357	0.9277	0.9362	0.9279	0.9296	0.9443	0.9277	0	0.9369	0.9277	0.9275	0.928	0.9459	0.9279	0.9356	1.0382	0.9273	0.9295	0.9301	1.2471	0.9278	0.9278	0.9274	0.9282	0.9282	1.7643	0.93	0.9279	0.9323	0.9273	0.9283	0.9351	0.9287	0.9274	0.9275	0.9291	0.9273	0.928	0.9315	0.9299	0.9275
  O	0.9279	0.9276	1.2548	0.9473	0.9276	0.9276	0.9348	0.928	0.9335	0.9281	0.9293	0.9343	0.9276	0.9369	0	0.928	0.9278	0.9281	0.9283	0.9282	0.936	1.0151	0.9276	0.9293	0.9309	0.9278	0.9281	0.928	0.9277	0.9285	0.9285	0.9404	0.9303	0.9282	1.0508	0.9276	0.9286	0.932	0.9286	0.9301	0.9278	0.9289	0.9276	0.9283	1.0334	0.9294	0.9278
  P	0.9278	0.9275	0.9301	0.9279	0.9276	0.9275	1.2275	0.9279	0.9281	0.928	0.9294	0.936	0.9274	0.9277	0.928	0	1.2161	1.7609	0.928	1.8833	0.9366	0.9307	0.9275	0.9289	0.9298	0.9277	1.408	0.928	0.9274	1.2689	0.929	0.938	0.9303	0.9281	0.9288	0.9275	0.9312	0.93	0.9281	0.9251	0.9326	0.9281	0.9275	0.9284	0.9286	0.9287	0.9276
  Q	0.9276	0.9273	0.9298	0.9277	0.9273	0.9273	0.9307	0.9277	0.9279	0.9278	0.9289	0.9335	0.9273	0.9275	0.9278	1.2161	0	1.3316	0.9278	0.928	0.9357	0.9295	0.9273	0.9286	0.9296	0.9275	0.9279	0.9277	0.9272	0.9282	0.9282	0.9374	0.9299	0.9279	0.9286	0.9273	0.9283	0.9297	0.9278	0.9248	0.9275	0.9278	0.9273	0.928	0.9284	0.9284	0.9274
  R	0.9278	0.9275	0.9303	0.928	0.9275	0.9276	1.3266	0.928	0.9282	0.9281	0.9295	0.9346	0.9277	0.928	0.9281	1.7609	1.3316	0	0.9282	0.9322	0.9368	0.9325	0.9275	0.9298	0.9301	0.928	0.9282	0.9281	0.9274	0.9292	1.398	1.1407	0.9306	0.9281	0.9289	0.9275	0.9289	0.9316	0.9282	0.9251	0.9279	0.9282	0.9275	0.9285	0.9287	0.9293	0.9277
  S	0.9279	0.9277	0.9322	0.9284	0.9276	0.9276	0.9402	0.928	0.9286	0.9282	0.9298	1.3008	0.9277	0.9459	0.9283	0.928	0.9278	0.9282	0	0.9284	0.9363	1.1985	0.9276	0.9302	1.0617	0.928	0.9283	0.9282	0.9275	0.9286	0.9286	1.4021	0.9308	0.9287	1.3944	0.9276	0.9286	1.0777	0.9281	0.9267	0.9278	0.9286	0.9276	0.9283	0.9366	0.9295	0.928
  T	0.9279	0.9276	0.9308	0.928	1.3967	0.9276	0.9322	0.928	0.9283	0.9282	0.9296	1.2162	0.9275	0.9279	0.9282	1.8833	0.928	0.9322	0.9284	0	0.9371	1.2158	0.9276	0.9296	0.9305	0.9279	1.3209	0.9282	0.9274	1.4056	0.9291	0.9396	0.9306	0.9282	0.9292	0.9276	0.9287	0.9311	0.9282	0.9253	0.9278	0.9289	0.9276	0.9311	0.9289	0.9315	0.928
  U	0.9357	0.9355	0.9391	0.9363	0.9356	0.9356	1.4593	0.9372	0.9353	0.9364	1.3289	1.0478	0.9375	0.9356	0.936	0.9366	0.9357	0.9368	0.9363	0.9371	0	0.9476	0.9354	0.9374	0.9398	0.9355	0.9365	0.9394	0.9338	1.5862	1.008	0.9943	4.8674	0.9375	0.9365	0.9354	0.9475	0.9401	0.9377	2.8565	1.4152	0.9359	0.9354	0.9551	0.9379	1.2873	0.9355
  V	0.9306	0.9328	2.1951	1.0519	0.9296	0.9294	1.6094	0.9299	1.559	0.9314	1.0121	2.3892	0.9343	1.0382	1.0151	0.9307	0.9295	0.9325	1.1985	1.2158	0.9476	0	0.9293	2.6495	1.6586	1.3995	0.9308	1.3444	0.9314	1.2256	1.8712	8.8598	1.0844	0.9313	1.4985	0.9293	0.9323	5.4013	1.0444	1.4121	0.93	1.3971	0.9293	0.9332	1.0083	1.9954	2.2599
  W	0.9274	0.9271	0.9296	0.9275	0.9271	0.9271	0.93	0.9275	0.9277	0.9276	0.9287	0.9332	0.9272	0.9273	0.9276	0.9275	0.9273	0.9275	0.9276	0.9276	0.9354	0.9293	0	0.9284	0.9294	0.9273	0.9276	0.9275	0.9271	0.9279	0.9279	0.937	0.9297	0.9277	0.9284	0.9271	0.9281	0.9296	0.9276	0.9247	0.9273	0.9277	0.9271	0.9278	0.9282	0.9282	0.9272
  X	0.9288	0.9285	1.204	0.9298	0.9284	0.9284	1.404	0.9288	0.9321	1.2074	1.3746	1.325	0.9376	0.9295	0.9293	0.9289	0.9286	0.9298	0.9302	0.9296	0.9374	2.6495	0.9284	0	1.2817	0.9296	0.9291	0.9295	0.9281	0.9301	0.9462	4.3078	0.933	0.9294	1.0498	0.9284	0.9296	1.7005	0.9291	0.9281	0.9286	0.931	0.9284	0.9292	0.9594	1.3882	1.0084
  Y	0.9442	0.9306	1.4305	1.3074	0.9294	0.9295	0.9489	0.9299	1.4066	1.0245	1.1417	1.5098	0.9313	0.9301	0.9309	0.9298	0.9296	0.9301	1.0617	0.9305	0.9398	1.6586	0.9294	1.2817	0	0.9298	0.9303	0.9302	0.9333	0.9307	0.9307	1.2503	1.0796	1.1612	1.91	0.9294	0.9394	3.7026	0.9302	1.3016	0.9296	0.9321	0.9294	0.9301	1.3387	1.0433	0.9299
  Z	0.9276	0.9273	0.9303	0.9278	0.9273	0.9273	0.931	0.9277	0.9282	0.9278	0.9296	0.934	1.2839	1.2471	0.9278	0.9277	0.9275	0.928	0.928	0.9279	0.9355	1.3995	0.9273	0.9296	0.9298	0	0.9277	0.9278	0.9273	0.9282	0.9281	1.9646	0.9301	0.9279	0.9288	0.9273	0.9282	0.9343	0.9278	0.9255	0.9274	0.9282	0.9273	0.9279	0.9284	0.929	0.9275
  [	0.9279	0.9276	0.9306	0.928	0.9278	0.9276	0.9336	0.928	0.9281	0.9282	0.9293	1.2615	0.9275	0.9278	0.9281	1.408	0.9279	0.9282	0.9283	1.3209	0.9365	0.9308	0.9276	0.9291	0.9303	0.9277	0	0.9281	0.9274	0.9314	1.4014	0.9382	0.9305	0.9281	0.9289	0.9276	0.9287	0.9305	0.9282	0.9252	0.9278	0.9284	0.9276	0.9284	0.9288	0.9287	0.9276
  \	0.9278	0.9275	0.9306	0.9279	0.9275	0.9275	1.0963	0.9279	0.9282	0.928	0.9294	0.983	0.9274	0.9278	0.928	0.928	0.9277	0.9281	0.9282	0.9282	0.9394	1.3444	0.9275	0.9295	0.9302	0.9278	0.9281	0	0.9274	0.9339	0.929	0.9406	1.01	0.9281	0.9291	0.9275	0.9287	0.9311	0.9281	0.9256	0.9278	0.9283	0.9275	0.9283	0.9287	0.929	0.9279
  ]	0.9274	0.9273	1.1614	0.9278	0.9271	0.9272	0.9292	0.9274	1.1149	0.9274	0.9284	0.9347	1.0901	0.9274	0.9277	0.9274	0.9272	0.9274	0.9275	0.9274	0.9338	0.9314	0.9271	0.9281	0.9333	0.9273	0.9274	0.9274	0	0.9276	0.9281	0.9335	1.242	0.9756	0.9292	0.9271	0.9277	1.1145	0.9275	10.3304	0.9272	0.9301	0.9271	0.9275	1.1528	0.9282	0.9272
  ^	0.9282	0.9279	0.9312	0.9284	0.928	0.9365	2.1889	0.9286	0.9285	0.9285	1.0314	0.944	0.9278	0.9282	0.9285	1.2689	0.9282	0.9292	0.9286	1.4056	1.5862	1.2256	0.9279	0.9301	0.9307	0.9282	0.9314	0.9339	0.9276	0	1.4083	0.9424	0.9442	0.9285	0.9295	0.9279	0.9375	0.9316	0.9287	0.9262	0.9393	0.929	0.9279	1.4028	0.9291	0.933	0.9283
  _	0.9286	0.928	0.9316	0.9286	0.9279	1.4043	2.2442	0.9617	0.9288	0.9284	0.9304	0.9386	1.3093	0.9282	0.9285	0.929	0.9282	1.398	0.9286	0.9291	1.008	1.8712	0.9279	0.9462	0.9307	0.9281	1.4014	0.929	0.9281	1.4083	0	0.9443	0.9326	0.9286	0.9297	0.9279	1.6018	1.0108	0.9774	1.0552	0.9286	0.9287	0.9279	1.6957	0.9292	1.0572	0.9305
  `	0.9379	0.9372	1.1828	1.1147	0.9371	0.9371	1.8907	0.9377	1.3932	0.9402	1.6099	2.9961	2.4026	1.7643	0.9404	0.938	0.9374	1.1407	1.4021	0.9396	0.9943	8.8598	0.937	4.3078	1.2503	1.9646	0.9382	0.9406	0.9335	0.9424	0.9443	0	1.4227	0.9386	0.9908	0.937	0.9394	4.4799	0.9406	0.9447	0.9394	1.2385	0.937	0.9383	0.9569	1.7823	1.0454
  a	0.9301	0.9299	0.9346	0.9428	0.9298	0.9298	1.1969	0.9302	0.9306	0.9306	1.3789	1.3842	0.9296	0.93	0.9303	0.9303	0.9299	0.9306	0.9308	0.9306	4.8674	1.0844	0.9297	0.933	1.0796	0.9301	0.9305	1.01	1.242	0.9442	0.9326	1.4227	0	1.1142	0.9319	0.9297	0.9313	1.1498	0.9303	1.886	0.9308	0.9319	0.9297	0.9309	1.0758	0.9332	0.9302
  b	0.9282	0.9278	0.9517	0.9494	0.9277	0.9277	0.9309	0.9281	0.9288	0.9284	1.0786	0.9358	0.9646	0.9279	0.9282	0.9281	0.9279	0.9281	0.9287	0.9282	0.9375	0.9313	0.9277	0.9294	1.1612	0.9279	0.9281	0.9281	0.9756	0.9285	0.9286	0.9386	1.1142	0	0.9296	0.9277	0.9288	1.5553	0.9282	1.335	0.9278	0.9283	0.9277	0.9283	0.9294	0.929	0.9277
  c	0.9288	0.9285	2.9809	0.9368	0.9284	0.9284	0.9341	0.9288	1.176	0.9294	0.9649	0.9572	0.9287	0.9323	1.0508	0.9288	0.9286	0.9289	1.3944	0.9292	0.9365	1.4985	0.9284	1.0498	1.91	0.9288	0.9289	0.9291	0.9292	0.9295	0.9297	0.9908	0.9319	0.9296	0	0.9284	0.9295	1.5015	0.9294	1.0355	0.9285	0.9307	0.9284	0.9291	2.2144	0.945	0.9291
  d	0.9274	0.9271	0.9296	0.9275	0.9271	0.9271	0.93	0.9275	0.9277	0.9276	0.9287	0.9332	0.9272	0.9273	0.9276	0.9275	0.9273	0.9275	0.9276	0.9276	0.9354	0.9293	0.9271	0.9284	0.9294	0.9273	0.9276	0.9275	0.9271	0.9279	0.9279	0.937	0.9297	0.9277	0.9284	0	0.9281	0.9296	0.9276	0.9247	0.9273	0.9277	0.9271	0.9278	0.9282	0.9282	0.9272
  e	1.2552	0.9282	0.9313	0.9287	0.9281	0.9368	1.5119	1.6166	0.9287	0.9286	0.9302	0.935	0.9282	0.9283	0.9286	0.9312	0.9283	0.9289	0.9286	0.9287	0.9475	0.9323	0.9281	0.9296	0.9394	0.9282	0.9287	0.9287	0.9277	0.9375	1.6018	0.9394	0.9313	0.9288	0.9295	0.9281	0	1.2026	1.1991	0.926	0.9464	0.9286	0.9281	1.2493	0.9295	0.9494	0.9281
  f	1.3338	1.3894	2.073	1.441	0.9296	0.9297	1.151	0.9303	1.2226	0.9315	1.4935	2.2764	2.2652	0.9351	0.932	0.93	0.9297	0.9316	1.0777	0.9311	0.9401	5.4013	0.9296	1.7005	3.7026	0.9343	0.9305	0.9311	1.1145	0.9316	1.0108	4.4799	1.1498	1.5553	1.5015	0.9296	1.2026	0	0.9344	2.0981	0.9298	1.0788	0.9296	0.9307	1.9273	2.2065	0.9319
  g	0.9281	0.9276	1.2717	0.9285	0.9276	0.9277	0.948	1.3829	0.9381	0.9281	0.9293	0.9341	0.9275	0.9287	0.9286	0.9281	0.9278	0.9282	0.9281	0.9282	0.9377	1.0444	0.9276	0.9291	0.9302	0.9278	0.9282	0.9281	0.9275	0.9287	0.9774	0.9406	0.9303	0.9282	0.9294	0.9276	1.1991	0.9344	0	0.9255	0.9278	0.9288	0.9276	1.0146	0.9293	0.9329	0.9277
  h	0.9253	0.9281	1.666	0.9441	0.9247	0.9248	0.9481	0.925	2.5689	0.9253	0.928	0.9372	6.3023	0.9274	0.9301	0.9251	0.9248	0.9251	0.9267	0.9253	2.8565	1.4121	0.9247	0.9281	1.3016	0.9255	0.9252	0.9256	10.3304	0.9262	1.0552	0.9447	1.886	1.335	1.0355	0.9247	0.926	2.0981	0.9255	0	0.925	1.3944	0.9247	0.9255	0.9351	0.9382	0.9252
  i	0.9275	0.9273	0.9298	0.9277	0.9273	0.9273	1.415	0.9277	0.9279	0.9278	0.9292	0.9353	0.9273	0.9275	0.9278	0.9326	0.9275	0.9279	0.9278	0.9278	1.4152	0.93	0.9273	0.9286	0.9296	0.9274	0.9278	0.9278	0.9272	0.9393	0.9286	0.9394	0.9308	0.9278	0.9285	0.9273	0.9464	0.9298	0.9278	0.925	0	0.9278	0.9273	0.9281	0.9283	0.9287	0.9273
  j	0.928	0.9277	1.0142	0.9288	0.9277	0.9277	0.9316	0.9281	0.9439	0.9282	0.9296	1.4436	0.9279	0.9291	0.9289	0.9281	0.9278	0.9282	0.9286	0.9289	0.9359	1.3971	0.9277	0.931	0.9321	0.9282	0.9284	0.9283	0.9301	0.929	0.9287	1.2385	0.9319	0.9283	0.9307	0.9277	0.9286	1.0788	0.9288	1.3944	0.9278	0	0.9277	0.9283	1.3886	1.0099	0.928
  k	0.9274	0.9271	0.9296	0.9275	0.9271	0.9271	0.93	0.9275	0.9277	0.9276	0.9287	0.9332	0.9272	0.9273	0.9276	0.9275	0.9273	0.9275	0.9276	0.9276	0.9354	0.9293	0.9271	0.9284	0.9294	0.9273	0.9276	0.9275	0.9271	0.9279	0.9279	0.937	0.9297	0.9277	0.9284	0.9271	0.9281	0.9296	0.9276	0.9247	0.9273	0.9277	0	0.9278	0.9282	0.9282	0.9272
  l	0.9283	0.9278	0.9305	0.9282	0.9278	0.928	1.0546	0.9869	0.9283	0.9283	0.9297	0.9343	0.9277	0.928	0.9283	0.9284	0.928	0.9285	0.9283	0.9311	0.9551	0.9332	0.9278	0.9292	0.9301	0.9279	0.9284	0.9283	0.9275	1.4028	1.6957	0.9383	0.9309	0.9283	0.9291	0.9278	1.2493	0.9307	1.0146	0.9255	0.9281	0.9283	0.9278	0	0.9289	0.9647	0.9278
  m	0.9288	0.9283	1.6606	0.9353	0.9282	0.9282	0.9332	0.9286	0.9615	0.929	0.9387	1.1365	0.9283	0.9315	1.0334	0.9286	0.9284	0.9287	0.9366	0.9289	0.9379	1.0083	0.9282	0.9594	1.3387	0.9284	0.9288	0.9287	1.1528	0.9291	0.9292	0.9569	1.0758	0.9294	2.2144	0.9282	0.9295	1.9273	0.9293	0.9351	0.9283	1.3886	0.9282	0.9289	0	0.9334	0.9284
  n	0.9288	0.9292	1.1476	0.9299	0.9282	0.9283	1.2547	0.931	1.207	0.9289	0.9315	0.9431	0.9288	0.9299	0.9294	0.9287	0.9284	0.9293	0.9295	0.9315	1.2873	1.9954	0.9282	1.3882	1.0433	0.929	0.9287	0.929	0.9282	0.933	1.0572	1.7823	0.9332	0.929	0.945	0.9282	0.9494	2.2065	0.9329	0.9382	0.9287	1.0099	0.9282	0.9647	0.9334	0	0.9287
  o	0.9274	0.9272	0.9304	0.9277	0.9272	0.9272	0.9308	0.9276	0.928	0.9278	0.929	0.9345	0.9273	0.9275	0.9278	0.9276	0.9274	0.9277	0.928	0.928	0.9355	2.2599	0.9272	1.0084	0.9299	0.9275	0.9276	0.9279	0.9272	0.9283	0.9305	1.0454	0.9302	0.9277	0.9291	0.9272	0.9281	0.9319	0.9277	0.9252	0.9273	0.928	0.9272	0.9278	0.9284	0.9287	0

Actual rates from j->i (Q_ij):
	A	B	C	D	E	F	G	H	I	J	K	L	M	N	O	P	Q	R	S	T	U	V	W	X	Y	Z	[	\	]	^	_	`	a	b	c	d	e	f	g	h	i	j	k	l	m	n	o
  A	0	0.0211	0.0212	0.0212	0.0211	0.0211	0.0212	0.0212	0.0212	0.0212	0.0212	0.0213	0.0211	0.0211	0.0212	0.0212	0.0211	0.0212	0.0212	0.0212	0.0213	0.0212	0.0211	0.0212	0.0215	0.0211	0.0212	0.0212	0.0211	0.0212	0.0212	0.0214	0.0212	0.0212	0.0212	0.0211	0.0286	0.0304	0.0212	0.0211	0.0211	0.0212	0.0211	0.0212	0.0212	0.0212	0.0211
  B	0.0211	0	0.0212	0.0211	0.0211	0.0211	0.0211	0.0211	0.0211	0.0211	0.0211	0.0212	0.0211	0.0211	0.0211	0.0211	0.0211	0.0211	0.0211	0.0211	0.0212	0.0212	0.0211	0.0211	0.0211	0.0211	0.0211	0.0211	0.0211	0.0211	0.0211	0.0213	0.0211	0.0211	0.0211	0.0211	0.0211	0.0316	0.0211	0.0211	0.0211	0.0211	0.0211	0.0211	0.0211	0.0211	0.0211
  C	0.0181	0.0182	0	0.0254	0.0181	0.0181	0.0271	0.0181	0.0474	0.0184	0.0197	0.0434	0.0181	0.0249	0.0244	0.0181	0.0181	0.0181	0.0181	0.0181	0.0183	0.0427	0.0181	0.0234	0.0278	0.0181	0.0181	0.0181	0.0226	0.0181	0.0181	0.023	0.0182	0.0185	0.058	0.0181	0.0181	0.0403	0.0247	0.0324	0.0181	0.0197	0.0181	0.0181	0.0323	0.0223	0.0181
  D	0.0211	0.0211	0.0297	0	0.0211	0.0211	0.0216	0.0211	0.0213	0.0211	0.0214	0.0213	0.0211	0.0213	0.0216	0.0211	0.0211	0.0211	0.0211	0.0211	0.0213	0.0239	0.0211	0.0212	0.0298	0.0211	0.0211	0.0211	0.0211	0.0211	0.0211	0.0254	0.0215	0.0216	0.0213	0.0211	0.0211	0.0328	0.0211	0.0215	0.0211	0.0211	0.0211	0.0211	0.0213	0.0212	0.0211
  E	0.0215	0.0215	0.0216	0.0215	0	0.0215	0.0216	0.0216	0.0216	0.0216	0.0216	0.0217	0.0215	0.0215	0.0216	0.0216	0.0215	0.0216	0.0216	0.0325	0.0217	0.0216	0.0215	0.0216	0.0216	0.0215	0.0216	0.0216	0.0215	0.0216	0.0216	0.0218	0.0216	0.0216	0.0216	0.0215	0.0216	0.0216	0.0216	0.0215	0.0215	0.0216	0.0215	0.0216	0.0216	0.0216	0.0215
  F	0.0213	0.0213	0.0214	0.0214	0.0213	0	0.0214	0.0214	0.0214	0.0214	0.0214	0.0215	0.0213	0.0213	0.0214	0.0214	0.0213	0.0214	0.0214	0.0214	0.0215	0.0214	0.0213	0.0214	0.0214	0.0213	0.0214	0.0214	0.0213	0.0216	0.0323	0.0216	0.0214	0.0214	0.0214	0.0213	0.0216	0.0214	0.0214	0.0213	0.0213	0.0214	0.0213	0.0214	0.0214	0.0214	0.0213
  G	0.0199	0.0199	0.0297	0.0203	0.0199	0.0199	0	0.0201	0.0199	0.0199	0.0242	0.0242	0.0199	0.02	0.02	0.0262	0.0199	0.0283	0.0201	0.0199	0.0312	0.0344	0.0199	0.03	0.0203	0.0199	0.0199	0.0234	0.0198	0.0467	0.0479	0.0404	0.0256	0.0199	0.0199	0.0199	0.0323	0.0246	0.0202	0.0202	0.0302	0.0199	0.0199	0.0225	0.0199	0.0268	0.0199
  H	0.022	0.022	0.022	0.022	0.022	0.022	0.0223	0	0.022	0.022	0.022	0.0221	0.022	0.022	0.022	0.022	0.022	0.022	0.022	0.022	0.0222	0.022	0.022	0.022	0.022	0.022	0.022	0.022	0.0219	0.022	0.0228	0.0222	0.022	0.022	0.022	0.022	0.0383	0.022	0.0327	0.0219	0.022	0.022	0.022	0.0234	0.022	0.022	0.022
  I	0.0171	0.0171	0.0448	0.0172	0.0171	0.0171	0.0172	0.0171	0	0.0171	0.0171	0.0172	0.0171	0.0172	0.0172	0.0171	0.0171	0.0171	0.0171	0.0171	0.0172	0.0287	0.0171	0.0172	0.0259	0.0171	0.0171	0.0171	0.0205	0.0171	0.0171	0.0256	0.0171	0.0171	0.0216	0.0171	0.0171	0.0225	0.0173	0.0473	0.0171	0.0174	0.0171	0.0171	0.0177	0.0222	0.0171
  J	0.0215	0.0215	0.0219	0.0215	0.0215	0.0215	0.0216	0.0215	0.0215	0	0.0284	0.0232	0.0215	0.0215	0.0215	0.0215	0.0215	0.0215	0.0215	0.0215	0.0217	0.0216	0.0215	0.028	0.0237	0.0215	0.0215	0.0215	0.0215	0.0215	0.0215	0.0218	0.0216	0.0215	0.0215	0.0215	0.0215	0.0216	0.0215	0.0214	0.0215	0.0215	0.0215	0.0215	0.0215	0.0215	0.0215
  K	0.0211	0.0211	0.023	0.0214	0.0211	0.0211	0.0257	0.0211	0.0211	0.0279	0	0.0258	0.0211	0.0211	0.0211	0.0211	0.0211	0.0211	0.0211	0.0211	0.0302	0.023	0.0211	0.0312	0.0259	0.0211	0.0211	0.0211	0.0211	0.0234	0.0211	0.0366	0.0313	0.0245	0.0219	0.0211	0.0211	0.0339	0.0211	0.0211	0.0211	0.0211	0.0211	0.0211	0.0213	0.0212	0.0211
  L	0.0188	0.0188	0.045	0.0189	0.0188	0.0188	0.0229	0.0188	0.0189	0.0202	0.0229	0	0.0188	0.019	0.0188	0.0189	0.0188	0.0189	0.0262	0.0245	0.0211	0.0482	0.0188	0.0267	0.0305	0.0188	0.0254	0.0198	0.0189	0.019	0.0189	0.0604	0.0279	0.0189	0.0193	0.0188	0.0189	0.0459	0.0188	0.0189	0.0189	0.0291	0.0188	0.0188	0.0229	0.019	0.0189
  M	0.0127	0.0127	0.0127	0.0127	0.0127	0.0127	0.0127	0.0127	0.0127	0.0127	0.0127	0.0127	0	0.0127	0.0127	0.0127	0.0127	0.0127	0.0127	0.0127	0.0128	0.0128	0.0127	0.0128	0.0127	0.0175	0.0127	0.0127	0.0149	0.0127	0.0179	0.0328	0.0127	0.0132	0.0127	0.0127	0.0127	0.0309	0.0127	0.0861	0.0127	0.0127	0.0127	0.0127	0.0127	0.0127	0.0127
  N	0.0206	0.0206	0.0284	0.0208	0.0206	0.0206	0.0208	0.0206	0.0208	0.0206	0.0206	0.021	0.0206	0	0.0208	0.0206	0.0206	0.0206	0.021	0.0206	0.0208	0.023	0.0206	0.0206	0.0206	0.0277	0.0206	0.0206	0.0206	0.0206	0.0206	0.0392	0.0206	0.0206	0.0207	0.0206	0.0206	0.0208	0.0206	0.0206	0.0206	0.0206	0.0206	0.0206	0.0207	0.0206	0.0206
  O	0.0212	0.0212	0.0287	0.0217	0.0212	0.0212	0.0214	0.0212	0.0214	0.0212	0.0213	0.0214	0.0212	0.0214	0	0.0212	0.0212	0.0212	0.0212	0.0212	0.0214	0.0232	0.0212	0.0213	0.0213	0.0212	0.0212	0.0212	0.0212	0.0212	0.0212	0.0215	0.0213	0.0212	0.024	0.0212	0.0212	0.0213	0.0212	0.0213	0.0212	0.0212	0.0212	0.0212	0.0236	0.0213	0.0212
  P	0.0214	0.0214	0.0214	0.0214	0.0214	0.0214	0.0283	0.0214	0.0214	0.0214	0.0214	0.0216	0.0214	0.0214	0.0214	0	0.028	0.0406	0.0214	0.0434	0.0216	0.0215	0.0214	0.0214	0.0214	0.0214	0.0325	0.0214	0.0214	0.0292	0.0214	0.0216	0.0214	0.0214	0.0214	0.0214	0.0215	0.0214	0.0214	0.0213	0.0215	0.0214	0.0214	0.0214	0.0214	0.0214	0.0214
  Q	0.0216	0.0216	0.0216	0.0216	0.0216	0.0216	0.0216	0.0216	0.0216	0.0216	0.0216	0.0217	0.0216	0.0216	0.0216	0.0283	0	0.031	0.0216	0.0216	0.0218	0.0216	0.0216	0.0216	0.0216	0.0216	0.0216	0.0216	0.0216	0.0216	0.0216	0.0218	0.0216	0.0216	0.0216	0.0216	0.0216	0.0216	0.0216	0.0215	0.0216	0.0216	0.0216	0.0216	0.0216	0.0216	0.0216
  R	0.022	0.022	0.0221	0.022	0.022	0.022	0.0314	0.022	0.022	0.022	0.022	0.0222	0.022	0.022	0.022	0.0417	0.0316	0	0.022	0.0221	0.0222	0.0221	0.022	0.022	0.022	0.022	0.022	0.022	0.022	0.022	0.0331	0.027	0.0221	0.022	0.022	0.022	0.022	0.0221	0.022	0.0219	0.022	0.022	0.022	0.022	0.022	0.022	0.022
  S	0.0208	0.0208	0.0209	0.0208	0.0208	0.0208	0.0211	0.0208	0.0208	0.0208	0.0209	0.0292	0.0208	0.0212	0.0208	0.0208	0.0208	0.0208	0	0.0208	0.021	0.0269	0.0208	0.0209	0.0238	0.0208	0.0208	0.0208	0.0208	0.0208	0.0208	0.0315	0.0209	0.0208	0.0313	0.0208	0.0208	0.0242	0.0208	0.0208	0.0208	0.0208	0.0208	0.0208	0.021	0.0209	0.0208
  T	0.0222	0.0222	0.0222	0.0222	0.0334	0.0222	0.0223	0.0222	0.0222	0.0222	0.0222	0.0291	0.0222	0.0222	0.0222	0.045	0.0222	0.0223	0.0222	0	0.0224	0.0291	0.0222	0.0222	0.0222	0.0222	0.0316	0.0222	0.0222	0.0336	0.0222	0.0225	0.0222	0.0222	0.0222	0.0222	0.0222	0.0223	0.0222	0.0221	0.0222	0.0222	0.0222	0.0222	0.0222	0.0223	0.0222
  U	0.0174	0.0174	0.0174	0.0174	0.0174	0.0174	0.0271	0.0174	0.0174	0.0174	0.0247	0.0194	0.0174	0.0174	0.0174	0.0174	0.0174	0.0174	0.0174	0.0174	0	0.0176	0.0174	0.0174	0.0174	0.0174	0.0174	0.0174	0.0173	0.0294	0.0187	0.0184	0.0903	0.0174	0.0174	0.0174	0.0176	0.0174	0.0174	0.053	0.0263	0.0174	0.0174	0.0177	0.0174	0.0239	0.0174
  V	0.0147	0.0148	0.0347	0.0166	0.0147	0.0147	0.0255	0.0147	0.0247	0.0147	0.016	0.0378	0.0148	0.0164	0.0161	0.0147	0.0147	0.0148	0.019	0.0192	0.015	0	0.0147	0.0419	0.0262	0.0221	0.0147	0.0213	0.0147	0.0194	0.0296	0.1402	0.0172	0.0147	0.0237	0.0147	0.0147	0.0854	0.0165	0.0223	0.0147	0.0221	0.0147	0.0148	0.0159	0.0316	0.0357
  W	0.0211	0.0211	0.0212	0.0211	0.0211	0.0211	0.0212	0.0211	0.0212	0.0211	0.0212	0.0213	0.0211	0.0211	0.0211	0.0211	0.0211	0.0211	0.0211	0.0211	0.0213	0.0212	0	0.0212	0.0212	0.0211	0.0211	0.0211	0.0211	0.0212	0.0212	0.0214	0.0212	0.0212	0.0212	0.0211	0.0212	0.0212	0.0211	0.0211	0.0211	0.0212	0.0211	0.0212	0.0212	0.0212	0.0211
  X	0.0174	0.0174	0.0226	0.0175	0.0174	0.0174	0.0264	0.0174	0.0175	0.0227	0.0258	0.0249	0.0176	0.0174	0.0174	0.0174	0.0174	0.0175	0.0175	0.0174	0.0176	0.0497	0.0174	0	0.0241	0.0174	0.0174	0.0174	0.0174	0.0175	0.0178	0.0809	0.0175	0.0174	0.0197	0.0174	0.0175	0.0319	0.0174	0.0174	0.0174	0.0175	0.0174	0.0174	0.018	0.0261	0.0189
  Y	0.0194	0.0191	0.0294	0.0268	0.0191	0.0191	0.0195	0.0191	0.0289	0.021	0.0234	0.031	0.0191	0.0191	0.0191	0.0191	0.0191	0.0191	0.0218	0.0191	0.0193	0.0341	0.0191	0.0263	0	0.0191	0.0191	0.0191	0.0192	0.0191	0.0191	0.0257	0.0222	0.0238	0.0392	0.0191	0.0193	0.076	0.0191	0.0267	0.0191	0.0191	0.0191	0.0191	0.0275	0.0214	0.0191
  Z	0.0202	0.0202	0.0203	0.0202	0.0202	0.0202	0.0203	0.0202	0.0202	0.0202	0.0203	0.0204	0.028	0.0272	0.0202	0.0202	0.0202	0.0202	0.0202	0.0202	0.0204	0.0305	0.0202	0.0203	0.0203	0	0.0202	0.0202	0.0202	0.0202	0.0202	0.0428	0.0203	0.0202	0.0203	0.0202	0.0202	0.0204	0.0202	0.0202	0.0202	0.0202	0.0202	0.0202	0.0202	0.0203	0.0202
  [	0.0216	0.0216	0.0216	0.0216	0.0216	0.0216	0.0217	0.0216	0.0216	0.0216	0.0216	0.0293	0.0216	0.0216	0.0216	0.0327	0.0216	0.0216	0.0216	0.0307	0.0218	0.0216	0.0216	0.0216	0.0216	0.0216	0	0.0216	0.0216	0.0216	0.0326	0.0218	0.0216	0.0216	0.0216	0.0216	0.0216	0.0216	0.0216	0.0215	0.0216	0.0216	0.0216	0.0216	0.0216	0.0216	0.0216
  \	0.0208	0.0208	0.0208	0.0208	0.0208	0.0208	0.0246	0.0208	0.0208	0.0208	0.0208	0.022	0.0208	0.0208	0.0208	0.0208	0.0208	0.0208	0.0208	0.0208	0.021	0.0301	0.0208	0.0208	0.0208	0.0208	0.0208	0	0.0208	0.0209	0.0208	0.0211	0.0226	0.0208	0.0208	0.0208	0.0208	0.0209	0.0208	0.0207	0.0208	0.0208	0.0208	0.0208	0.0208	0.0208	0.0208
  ]	0.0104	0.0104	0.0131	0.0104	0.0104	0.0104	0.0104	0.0104	0.0125	0.0104	0.0104	0.0105	0.0123	0.0104	0.0104	0.0104	0.0104	0.0104	0.0104	0.0104	0.0105	0.0105	0.0104	0.0104	0.0105	0.0104	0.0104	0.0104	0	0.0104	0.0104	0.0105	0.014	0.011	0.0104	0.0104	0.0104	0.0125	0.0104	0.1162	0.0104	0.0105	0.0104	0.0104	0.013	0.0104	0.0104
  ^	0.0218	0.0218	0.0218	0.0218	0.0218	0.022	0.0513	0.0218	0.0218	0.0218	0.0242	0.0221	0.0218	0.0218	0.0218	0.0298	0.0218	0.0218	0.0218	0.033	0.0372	0.0287	0.0218	0.0218	0.0218	0.0218	0.0218	0.0219	0.0218	0	0.033	0.0221	0.0221	0.0218	0.0218	0.0218	0.022	0.0218	0.0218	0.0217	0.022	0.0218	0.0218	0.0329	0.0218	0.0219	0.0218
  _	0.0196	0.0196	0.0197	0.0196	0.0196	0.0296	0.0474	0.0203	0.0196	0.0196	0.0196	0.0198	0.0276	0.0196	0.0196	0.0196	0.0196	0.0295	0.0196	0.0196	0.0213	0.0395	0.0196	0.02	0.0196	0.0196	0.0296	0.0196	0.0196	0.0297	0	0.0199	0.0197	0.0196	0.0196	0.0196	0.0338	0.0213	0.0206	0.0223	0.0196	0.0196	0.0196	0.0358	0.0196	0.0223	0.0196
  `	0.0145	0.0145	0.0182	0.0172	0.0145	0.0145	0.0292	0.0145	0.0215	0.0145	0.0248	0.0462	0.0371	0.0272	0.0145	0.0145	0.0145	0.0176	0.0216	0.0145	0.0153	0.1367	0.0145	0.0664	0.0193	0.0303	0.0145	0.0145	0.0144	0.0145	0.0146	0	0.0219	0.0145	0.0153	0.0145	0.0145	0.0691	0.0145	0.0146	0.0145	0.0191	0.0145	0.0145	0.0148	0.0275	0.0161
  a	0.0191	0.019	0.0191	0.0193	0.019	0.019	0.0245	0.0191	0.0191	0.0191	0.0282	0.0284	0.019	0.0191	0.0191	0.0191	0.019	0.0191	0.0191	0.0191	0.0997	0.0222	0.019	0.0191	0.0221	0.0191	0.0191	0.0207	0.0254	0.0193	0.0191	0.0291	0	0.0228	0.0191	0.019	0.0191	0.0236	0.0191	0.0386	0.0191	0.0191	0.019	0.0191	0.022	0.0191	0.0191
  b	0.0202	0.0202	0.0207	0.0207	0.0202	0.0202	0.0203	0.0202	0.0202	0.0202	0.0235	0.0204	0.021	0.0202	0.0202	0.0202	0.0202	0.0202	0.0202	0.0202	0.0204	0.0203	0.0202	0.0203	0.0253	0.0202	0.0202	0.0202	0.0213	0.0202	0.0202	0.0205	0.0243	0	0.0203	0.0202	0.0202	0.0339	0.0202	0.0291	0.0202	0.0202	0.0202	0.0202	0.0203	0.0203	0.0202
  c	0.0203	0.0203	0.0651	0.0205	0.0203	0.0203	0.0204	0.0203	0.0257	0.0203	0.0211	0.0209	0.0203	0.0204	0.0229	0.0203	0.0203	0.0203	0.0305	0.0203	0.0205	0.0327	0.0203	0.0229	0.0417	0.0203	0.0203	0.0203	0.0203	0.0203	0.0203	0.0216	0.0204	0.0203	0	0.0203	0.0203	0.0328	0.0203	0.0226	0.0203	0.0203	0.0203	0.0203	0.0484	0.0206	0.0203
  d	0.0211	0.0211	0.0212	0.0211	0.0211	0.0211	0.0212	0.0211	0.0212	0.0211	0.0212	0.0213	0.0211	0.0211	0.0211	0.0211	0.0211	0.0211	0.0211	0.0211	0.0213	0.0212	0.0211	0.0212	0.0212	0.0211	0.0211	0.0211	0.0211	0.0212	0.0212	0.0214	0.0212	0.0212	0.0212	0	0.0212	0.0212	0.0211	0.0211	0.0211	0.0212	0.0211	0.0212	0.0212	0.0212	0.0211
  e	0.0299	0.0221	0.0222	0.0221	0.0221	0.0223	0.0361	0.0386	0.0221	0.0221	0.0222	0.0223	0.0221	0.0221	0.0221	0.0222	0.0221	0.0222	0.0221	0.0221	0.0226	0.0222	0.0221	0.0222	0.0224	0.0221	0.0221	0.0221	0.0221	0.0224	0.0382	0.0224	0.0222	0.0222	0.0222	0.0221	0	0.0287	0.0286	0.0221	0.0226	0.0221	0.0221	0.0298	0.0222	0.0226	0.0221
  f	0.0201	0.0209	0.0312	0.0217	0.014	0.014	0.0173	0.014	0.0184	0.014	0.0225	0.0343	0.0341	0.0141	0.014	0.014	0.014	0.014	0.0162	0.014	0.0142	0.0813	0.014	0.0256	0.0557	0.0141	0.014	0.014	0.0168	0.014	0.0152	0.0674	0.0173	0.0234	0.0226	0.014	0.0181	0	0.0141	0.0316	0.014	0.0162	0.014	0.014	0.029	0.0332	0.014
  g	0.0216	0.0216	0.0296	0.0216	0.0216	0.0216	0.0221	0.0322	0.0219	0.0216	0.0217	0.0218	0.0216	0.0216	0.0216	0.0216	0.0216	0.0216	0.0216	0.0216	0.0219	0.0243	0.0216	0.0217	0.0217	0.0216	0.0216	0.0216	0.0216	0.0217	0.0228	0.0219	0.0217	0.0216	0.0217	0.0216	0.028	0.0218	0	0.0216	0.0216	0.0217	0.0216	0.0237	0.0217	0.0217	0.0216
  h	0.0191	0.0192	0.0345	0.0195	0.0191	0.0191	0.0196	0.0191	0.0531	0.0191	0.0192	0.0194	0.1304	0.0192	0.0192	0.0191	0.0191	0.0191	0.0192	0.0191	0.0591	0.0292	0.0191	0.0192	0.0269	0.0191	0.0191	0.0191	0.2137	0.0192	0.0218	0.0195	0.039	0.0276	0.0214	0.0191	0.0192	0.0434	0.0191	0	0.0191	0.0288	0.0191	0.0191	0.0193	0.0194	0.0191
  i	0.0213	0.0213	0.0213	0.0213	0.0213	0.0213	0.0325	0.0213	0.0213	0.0213	0.0213	0.0215	0.0213	0.0213	0.0213	0.0214	0.0213	0.0213	0.0213	0.0213	0.0325	0.0213	0.0213	0.0213	0.0213	0.0213	0.0213	0.0213	0.0213	0.0216	0.0213	0.0216	0.0214	0.0213	0.0213	0.0213	0.0217	0.0213	0.0213	0.0212	0	0.0213	0.0213	0.0213	0.0213	0.0213	0.0213
  j	0.0193	0.0193	0.0211	0.0193	0.0193	0.0193	0.0194	0.0193	0.0196	0.0193	0.0193	0.03	0.0193	0.0193	0.0193	0.0193	0.0193	0.0193	0.0193	0.0193	0.0194	0.029	0.0193	0.0193	0.0194	0.0193	0.0193	0.0193	0.0193	0.0193	0.0193	0.0257	0.0194	0.0193	0.0193	0.0193	0.0193	0.0224	0.0193	0.029	0.0193	0	0.0193	0.0193	0.0289	0.021	0.0193
  k	0.0211	0.0211	0.0212	0.0211	0.0211	0.0211	0.0212	0.0211	0.0212	0.0211	0.0212	0.0213	0.0211	0.0211	0.0211	0.0211	0.0211	0.0211	0.0211	0.0211	0.0213	0.0212	0.0211	0.0212	0.0212	0.0211	0.0211	0.0211	0.0211	0.0212	0.0212	0.0214	0.0212	0.0212	0.0212	0.0211	0.0212	0.0212	0.0211	0.0211	0.0211	0.0212	0	0.0212	0.0212	0.0212	0.0211
  l	0.022	0.022	0.022	0.022	0.022	0.022	0.025	0.0234	0.022	0.022	0.022	0.0221	0.022	0.022	0.022	0.022	0.022	0.022	0.022	0.0221	0.0226	0.0221	0.022	0.022	0.022	0.022	0.022	0.022	0.022	0.0332	0.0402	0.0222	0.022	0.022	0.022	0.022	0.0296	0.022	0.024	0.0219	0.022	0.022	0.022	0	0.022	0.0229	0.022
  m	0.0217	0.0217	0.0387	0.0218	0.0217	0.0217	0.0218	0.0217	0.0224	0.0217	0.0219	0.0265	0.0217	0.0217	0.0241	0.0217	0.0217	0.0217	0.0218	0.0217	0.0219	0.0235	0.0217	0.0224	0.0312	0.0217	0.0217	0.0217	0.0269	0.0217	0.0217	0.0223	0.0251	0.0217	0.0517	0.0217	0.0217	0.045	0.0217	0.0218	0.0217	0.0324	0.0217	0.0217	0	0.0218	0.0217
  n	0.0199	0.0199	0.0245	0.0199	0.0198	0.0198	0.0268	0.0199	0.0258	0.0199	0.0199	0.0202	0.0199	0.0199	0.0199	0.0199	0.0199	0.0199	0.0199	0.0199	0.0275	0.0427	0.0198	0.0297	0.0223	0.0199	0.0199	0.0199	0.0198	0.0199	0.0226	0.0381	0.02	0.0199	0.0202	0.0198	0.0203	0.0472	0.0199	0.0201	0.0199	0.0216	0.0198	0.0206	0.02	0	0.0199
  o	0.02	0.02	0.0201	0.02	0.02	0.02	0.0201	0.02	0.02	0.02	0.02	0.0201	0.02	0.02	0.02	0.02	0.02	0.02	0.02	0.02	0.0202	0.0487	0.02	0.0217	0.02	0.02	0.02	0.02	0.02	0.02	0.0201	0.0225	0.02	0.02	0.02	0.02	0.02	0.0201	0.02	0.0199	0.02	0.02	0.02	0.02	0.02	0.02	0

