Character to attribute mapping:
  p: ?
  A: Arizona
  B: Arkansas
  C: California
  D: Colorado
  E: Connecticut
  F: Delaware
  G: Florida
  H: Georgia
  I: Idaho
  J: Illinois
  K: Indiana
  L: Iowa
  M: Kansas
  N: Kentucky
  O: Louisiana
  P: MA
  Q: ME
  R: Maine
  S: Maryland
  T: Massachusetts
  U: Michigan
  V: Minnesota
  W: Mississippi
  X: Missouri
  Y: Montana
  Z: Nebraska
  [: New_Hampshire
  \: New_Jersey
  ]: New_Mexico
  ^: New_York
  _: North_Carolina
  `: North_Dakota
  a: Ohio
  b: Oklahoma
  c: Oregon
  d: Pennsylvania
  e: South_Carolina
  f: South_Dakota
  g: Tennessee
  h: Texas
  i: USA
  j: Utah
  k: Vermont
  l: Virginia
  m: Washington
  n: Wisconsin
  o: Wyoming


Substitution rate (mu): 186.907008

Equilibrium frequencies (pi_i):
  A: 0.023
  B: 0.0232
  C: 0.021
  D: 0.0221
  E: 0.024
  F: 0.0239
  G: 0.0218
  H: 0.0244
  I: 0.0153
  J: 0.0239
  K: 0.0235
  L: 0.0201
  M: 0.0131
  N: 0.0238
  O: 0.0224
  P: 0.0231
  Q: 0.024
  R: 0.0246
  S: 0.0229
  T: 0.0253
  U: 0.0099
  V: 0.0148
  W: 0.0236
  X: 0.0223
  Y: 0.0201
  Z: 0.0241
  [: 0.024
  \: 0.0237
  ]: 0.011
  ^: 0.0246
  _: 0.0181
  `: 0.0183
  a: 0.0152
  b: 0.0233
  c: 0.0221
  d: 0.0236
  e: 0.0248
  f: 0.0127
  g: 0.024
  h: 0.0157
  i: 0.0242
  j: 0.0224
  k: 0.0236
  l: 0.0238
  m: 0.0218
  n: 0.0204
  o: 0.0226

Symmetrized rates from j->i (W_ij):
	A	B	C	D	E	F	G	H	I	J	K	L	M	N	O	P	Q	R	S	T	U	V	W	X	Y	Z	[	\	]	^	_	`	a	b	c	d	e	f	g	h	i	j	k	l	m	n	o
  A	0	0.9271	0.9296	0.9279	0.9271	0.9272	0.9341	0.9272	0.9291	0.9273	0.9282	0.9297	0.9272	0.9276	0.927	0.9282	0.9273	0.9276	0.9275	0.9275	0.9309	1.3312	0.927	0.9296	0.9308	0.9273	0.9274	0.9272	0.9268	0.9284	0.9303	0.9379	0.9311	0.9292	0.9288	0.927	0.9279	0.9973	0.9273	0.929	0.9274	0.927	0.927	0.9302	0.9311	0.9412	0.927
  B	0.9271	0	0.931	0.9279	0.9272	0.9273	0.9342	0.9273	0.9328	0.9274	0.9283	0.93	0.9274	0.9316	0.9271	0.9283	0.9274	0.9277	0.9277	0.9276	0.931	1.2106	0.9271	0.93	0.9285	0.9273	0.9275	0.9273	0.9269	0.9285	0.9305	0.9388	0.9312	0.9288	0.929	0.9271	0.928	1.1715	0.9335	0.9408	0.9274	0.9271	0.9271	0.9303	0.9313	0.9299	0.9271
  C	0.9296	0.931	0	0.9649	0.9293	0.9294	1.3013	0.9299	1.7578	0.9306	0.969	1.865	0.9297	0.9311	0.9315	0.9305	0.9294	0.93	0.9334	0.93	0.9358	1.5413	0.9291	1.279	1.0035	0.9305	0.9301	0.9296	0.9372	0.9312	1.0298	0.975	1.0225	1.0223	2.1957	0.9291	1.277	1.5189	0.9457	2.1581	0.9299	0.9297	0.9291	0.9342	1.6724	0.9406	0.9296
  D	0.9279	0.9279	0.9649	0	0.9279	0.9279	0.9694	0.928	0.9306	0.928	0.9301	0.9402	0.9285	0.9283	0.9278	0.9289	0.928	0.9284	0.9457	0.9283	0.933	1.613	0.9277	0.9313	0.9391	0.928	0.9281	0.928	0.9283	0.9293	0.9319	0.944	0.9355	1.464	1.0933	0.9277	0.9303	0.9555	0.928	1.1905	0.9281	0.9279	0.9277	0.9311	1.0535	0.93	0.9279
  E	0.9271	0.9272	0.9293	0.9279	0	0.9273	0.9342	0.9274	0.9291	0.9275	0.9282	0.9298	0.9273	0.9277	0.9271	1.2565	0.928	0.9282	0.9276	1.23	0.931	0.9341	0.9271	0.9296	0.9281	0.9274	0.9277	0.9273	0.9268	0.9288	0.9305	0.9407	0.931	0.9288	0.9288	0.9271	0.928	0.9294	0.9274	0.9286	0.9275	0.9271	0.9271	0.9303	0.9311	0.9286	0.9271
  F	0.9272	0.9273	0.9294	0.9279	0.9273	0	0.9479	0.9274	0.9291	0.9275	0.9292	0.9298	0.9275	0.9299	0.9272	0.9286	0.9275	0.9279	0.9276	0.9279	0.9312	0.9352	0.9271	0.9303	0.9281	0.9287	0.9277	0.9274	0.9269	1.2847	1.2209	0.9382	0.9311	0.9288	0.929	0.9271	0.9282	0.9295	0.9274	0.9288	0.9276	0.9272	0.9271	0.9328	0.9313	0.9302	0.9272
  G	0.9341	0.9342	1.3013	0.9694	0.9342	0.9479	0	0.9526	0.9443	0.9348	1.667	1.4221	0.9353	0.961	0.9338	0.9361	0.9344	1.4031	0.935	0.9357	1.9697	1.7523	0.9339	1.0005	0.9365	0.9505	0.9352	1.4154	0.9337	2.0272	2.2307	1.4232	1.9897	0.9375	0.9492	0.9339	1.4821	0.9429	0.9348	1.1102	1.2235	0.9346	0.9339	1.5417	0.9789	1.053	0.9356
  H	0.9272	0.9273	0.9299	0.928	0.9274	0.9274	0.9526	0	0.9292	0.9276	0.9285	0.9297	0.9274	0.9278	0.9272	0.9285	0.9275	0.9279	0.9277	0.9278	0.9367	0.9347	0.9272	0.9321	0.9283	0.9275	0.9277	0.9275	0.9269	0.9289	0.9308	0.9382	0.9314	0.9291	0.9289	0.9272	2.1757	0.9299	1.2575	0.9291	0.9284	0.9272	0.9272	1.0549	0.9315	0.9289	0.9272
  I	0.9291	0.9328	1.7578	0.9306	0.9291	0.9291	0.9443	0.9292	0	0.9292	0.9304	0.9466	0.9386	0.9332	0.9751	0.9299	0.9292	0.9296	0.9301	0.9295	0.9484	1.6457	0.9289	0.9327	1.1983	0.9292	0.9293	0.9294	0.9327	0.9305	0.9323	1.168	0.9373	0.9307	1.0179	0.9289	0.9304	1.2993	0.9518	4.6087	0.9295	0.9294	0.9289	0.9346	0.948	0.9642	1.4038
  J	0.9273	0.9274	0.9306	0.928	0.9275	0.9275	0.9348	0.9276	0.9292	0	1.0469	1.0673	0.9274	0.9279	0.9273	0.9287	0.9276	0.928	0.9279	0.928	0.9312	0.9381	0.9273	1.3115	0.9287	0.9277	0.9279	0.9275	0.9269	0.9288	0.932	0.9387	0.9312	0.9291	0.9296	0.9273	0.9282	0.9302	0.9276	0.9288	0.9277	0.9273	0.9273	0.9308	0.9316	0.929	0.9273
  K	0.9282	0.9283	0.969	0.9301	0.9282	0.9292	1.667	0.9285	0.9304	1.0469	0	1.3009	0.9284	0.9373	0.928	0.9296	0.9284	0.9292	0.9294	0.929	0.9331	1.4615	0.928	1.1937	0.9411	0.9336	0.9289	0.9285	0.9274	0.9329	2.0131	0.9417	1.2947	0.9511	0.9314	0.928	0.9398	1.0761	0.9285	0.9373	0.929	0.9282	0.928	0.9635	0.9336	0.931	0.9281
  L	0.9297	0.93	1.865	0.9402	0.9298	0.9298	1.4221	0.9297	0.9466	1.0673	1.3009	0	0.9917	0.9326	0.9296	1.1117	0.9298	0.9317	1.1857	1.3569	0.9343	3.5884	0.9293	1.2762	1.4068	0.9304	1.0304	0.9461	0.9284	0.979	1.4815	2.31	0.945	1.2078	1.1733	0.9293	0.9358	1.9621	0.9301	0.9558	0.93	0.93	0.9293	0.9344	0.9924	1.4076	0.93
  M	0.9272	0.9274	0.9297	0.9285	0.9273	0.9275	0.9353	0.9274	0.9386	0.9274	0.9284	0.9917	0	0.9533	0.9273	0.9334	0.9274	0.9355	0.9276	0.9294	1.1581	0.979	0.9272	0.9392	0.9288	1.3946	0.9288	0.9274	0.9354	0.9563	1.8018	1.6914	1.1094	0.9284	0.9293	0.9272	0.928	1.0187	0.9275	7.079	0.9275	0.9274	0.9272	0.9306	0.9318	0.9318	0.9274
  N	0.9276	0.9316	0.9311	0.9283	0.9277	0.9299	0.961	0.9278	0.9332	0.9279	0.9373	0.9326	0.9533	0	0.9276	0.9335	0.9279	0.9561	0.9281	0.9295	0.9317	1.096	0.9275	0.9443	0.9288	1.2307	0.929	0.9278	0.9271	0.9612	1.7307	0.9561	0.9826	0.9293	0.9298	0.9275	0.9288	1.2407	0.932	0.9567	0.928	0.9277	0.9275	0.9509	0.9321	0.9327	0.9276
  O	0.927	0.9271	0.9315	0.9278	0.9271	0.9272	0.9338	0.9272	0.9751	0.9273	0.928	0.9296	0.9273	0.9276	0	0.9282	0.9273	0.9275	0.9274	0.9275	0.931	1.0756	0.927	0.9294	0.9298	0.9272	0.9274	0.9272	0.9269	0.9283	0.9301	0.9374	0.9308	0.9285	0.9298	0.927	0.9278	0.9659	0.9273	1.1888	0.9273	0.927	0.927	0.9301	0.9309	0.9292	0.927
  P	0.9282	0.9283	0.9305	0.9289	1.2565	0.9286	0.9361	0.9285	0.9299	0.9287	0.9296	1.1117	0.9334	0.9335	0.9282	0	1.3143	1.6668	0.9288	2.5109	0.9315	0.9392	0.9282	0.932	0.9292	0.9289	1.4029	0.9285	0.9274	1.0146	1.0036	1.7608	0.9344	0.93	0.93	0.9282	0.9293	0.9309	0.9285	0.9298	0.9287	0.9282	0.9282	0.9316	0.9322	0.9301	0.9284
  Q	0.9273	0.9274	0.9294	0.928	0.928	0.9275	0.9344	0.9275	0.9292	0.9276	0.9284	0.9298	0.9274	0.9279	0.9273	1.3143	0	1.3051	0.9277	0.9303	0.9311	0.9343	0.9273	0.9298	0.9282	0.9276	0.9279	0.9275	0.9269	0.9289	0.9308	0.943	0.9311	0.9289	0.9289	0.9273	0.9282	0.9295	0.9276	0.9287	0.9277	0.9272	0.9273	0.9305	0.9313	0.9288	0.9273
  R	0.9276	0.9277	0.93	0.9284	0.9282	0.9279	1.4031	0.9279	0.9296	0.928	0.9292	0.9317	0.9355	0.9561	0.9275	1.6668	1.3051	0	0.9281	0.9371	0.9321	1.0181	0.9276	0.9678	0.9287	0.9282	0.9286	0.9279	0.9271	0.9382	1.3184	0.9503	0.9856	0.9293	0.9296	0.9276	0.9289	0.9305	0.9279	0.9313	0.9282	0.9277	0.9276	0.9315	0.9322	0.9298	0.9276
  S	0.9275	0.9277	0.9334	0.9457	0.9276	0.9276	0.935	0.9277	0.9301	0.9279	0.9294	1.1857	0.9276	0.9281	0.9274	0.9288	0.9277	0.9281	0	0.9281	0.9314	1.7048	0.9274	0.9306	0.9332	0.9277	0.9279	0.9277	0.9272	0.9289	0.931	0.9419	0.933	1.3815	0.9296	0.9274	0.9292	1.1913	0.9278	0.9309	0.9278	0.9277	0.9274	0.9306	0.9319	0.9309	0.9275
  T	0.9275	0.9276	0.93	0.9283	1.23	0.9279	0.9357	0.9278	0.9295	0.928	0.929	1.3569	0.9294	0.9295	0.9275	2.5109	0.9303	0.9371	0.9281	0	0.9316	0.9373	0.9275	0.9308	0.9286	0.928	0.9992	0.9278	0.927	1.4421	0.9599	1.0554	0.9323	0.9295	0.9294	0.9275	0.9285	0.9303	0.9278	0.9292	0.9279	0.9275	0.9275	0.9341	0.9319	0.931	0.9276
  U	0.9309	0.931	0.9358	0.933	0.931	0.9312	1.9697	0.9367	0.9484	0.9312	0.9331	0.9343	1.1581	0.9317	0.931	0.9315	0.9311	0.9321	0.9314	0.9316	0	0.9561	0.9309	0.9836	0.933	0.9314	0.9313	0.9325	1.2409	0.9865	1.1361	0.9386	1.408	1.2461	0.9338	0.9309	0.952	0.937	0.9313	12.5384	0.9495	0.9311	0.9309	1.392	0.9802	1.0002	0.9309
  V	1.3312	1.2106	1.5413	1.613	0.9341	0.9352	1.7523	0.9347	1.6457	0.9381	1.4615	3.5884	0.979	1.096	1.0756	0.9392	0.9343	1.0181	1.7048	0.9373	0.9561	0	0.9338	2.4362	2.5797	0.9354	0.937	0.9405	0.9408	0.9546	1.8955	6.429	1.5598	1.1179	1.3801	0.9338	0.986	7.8628	1.0342	2.8064	0.9357	1.8869	0.9338	0.9496	1.2758	3.8875	1.393
  W	0.927	0.9271	0.9291	0.9277	0.9271	0.9271	0.9339	0.9272	0.9289	0.9273	0.928	0.9293	0.9272	0.9275	0.927	0.9282	0.9273	0.9276	0.9274	0.9275	0.9309	0.9338	0	0.9294	0.9279	0.9272	0.9274	0.9272	0.9268	0.9284	0.9302	0.9375	0.9308	0.9286	0.9286	0.9269	0.9278	0.9292	0.9272	0.9284	0.9273	0.9269	0.9269	0.9301	0.9309	0.9285	0.927
  X	0.9296	0.93	1.279	0.9313	0.9296	0.9303	1.0005	0.9321	0.9327	1.3115	1.1937	1.2762	0.9392	0.9443	0.9294	0.932	0.9298	0.9678	0.9306	0.9308	0.9836	2.4362	0.9294	0	1.3055	1.0631	1.0722	0.9298	0.9282	0.9368	3.132	1.4119	0.9549	0.9324	1.6367	0.9294	0.9678	2.1167	0.9302	0.9414	0.9664	0.9299	0.9294	1.4111	1.1845	0.9337	0.9297
  Y	0.9308	0.9285	1.0035	0.9391	0.9281	0.9281	0.9365	0.9283	1.1983	0.9287	0.9411	1.4068	0.9288	0.9288	0.9298	0.9292	0.9282	0.9287	0.9332	0.9286	0.933	2.5797	0.9279	1.3055	0	0.9283	0.9285	0.9282	1.1381	0.9294	0.9331	0.9517	0.96	1.028	1.2755	0.9279	0.9458	1.9829	0.9286	1.7511	0.9284	0.9282	0.9279	0.9315	0.9485	0.933	1.4209
  Z	0.9273	0.9273	0.9305	0.928	0.9274	0.9287	0.9505	0.9275	0.9292	0.9277	0.9336	0.9304	1.3946	1.2307	0.9272	0.9289	0.9276	0.9282	0.9277	0.928	0.9314	0.9354	0.9272	1.0631	0.9283	0	0.9286	0.9275	0.9269	0.9322	1.6307	1.4071	0.9315	0.9289	0.9304	0.9272	0.9283	0.9311	0.9275	0.9292	0.9277	0.9273	0.9272	0.9428	0.9316	0.9293	0.9273
  [	0.9274	0.9275	0.9301	0.9281	0.9277	0.9277	0.9352	0.9277	0.9293	0.9279	0.9289	1.0304	0.9288	0.929	0.9274	1.4029	0.9279	0.9286	0.9279	0.9992	0.9313	0.937	0.9274	1.0722	0.9285	0.9286	0	0.9276	0.927	0.9538	1.3424	1.0288	0.9317	0.9291	0.9298	0.9274	0.9286	0.9318	0.9277	0.9291	0.9278	0.9274	0.9274	0.9308	0.9316	0.9293	0.9275
  \	0.9272	0.9273	0.9296	0.928	0.9273	0.9274	1.4154	0.9275	0.9294	0.9275	0.9285	0.9461	0.9274	0.9278	0.9272	0.9285	0.9275	0.9279	0.9277	0.9278	0.9325	0.9405	0.9272	0.9298	0.9282	0.9275	0.9276	0	0.927	0.9341	0.9309	0.9386	0.947	0.9289	0.9289	0.9272	0.9282	0.9296	0.9275	0.9301	0.9278	0.9272	0.9272	0.9313	0.9318	0.929	0.9272
  ]	0.9268	0.9269	0.9372	0.9283	0.9268	0.9269	0.9337	0.9269	0.9327	0.9269	0.9274	0.9284	0.9354	0.9271	0.9269	0.9274	0.9269	0.9271	0.9272	0.927	1.2409	0.9408	0.9268	0.9282	1.1381	0.9269	0.927	0.927	0	0.9276	0.9288	0.9325	0.9337	1.2937	0.9285	0.9268	0.9273	0.9372	0.927	9.2407	0.927	0.9268	0.9268	0.9301	0.9343	0.928	0.9268
  ^	0.9284	0.9285	0.9312	0.9293	0.9288	1.2847	2.0272	0.9289	0.9305	0.9288	0.9329	0.979	0.9563	0.9612	0.9283	1.0146	0.9289	0.9382	0.9289	1.4421	0.9865	0.9546	0.9284	0.9368	0.9294	0.9322	0.9538	0.9341	0.9276	0	1.9432	1.16	0.9514	0.9303	0.9307	0.9284	0.9483	0.9316	0.9287	0.9344	0.9295	0.9287	0.9284	1.5031	0.9341	1.5081	0.9285
  _	0.9303	0.9305	1.0298	0.9319	0.9305	1.2209	2.2307	0.9308	0.9323	0.932	2.0131	1.4815	1.8018	1.7307	0.9301	1.0036	0.9308	1.3184	0.931	0.9599	1.1361	1.8955	0.9302	3.132	0.9331	1.6307	1.3424	0.9309	0.9288	1.9432	0	1.3426	1.3313	0.9326	1.4006	0.9302	1.4137	1.1397	0.9308	1.8831	0.9315	1.4026	0.9302	1.3999	1.1943	1.7484	0.9305
  `	0.9379	0.9388	0.975	0.944	0.9407	0.9382	1.4232	0.9382	1.168	0.9387	0.9417	2.31	1.6914	0.9561	0.9374	1.7608	0.943	0.9503	0.9419	1.0554	0.9386	6.429	0.9375	1.4119	0.9517	1.4071	1.0288	0.9386	0.9325	1.16	1.3426	0	0.954	0.9411	0.9426	0.9375	0.9405	2.7943	0.9388	0.9507	0.9387	0.9445	0.9375	0.9438	0.9456	0.9521	1.4144
  a	0.9311	0.9312	1.0225	0.9355	0.931	0.9311	1.9897	0.9314	0.9373	0.9312	1.2947	0.945	1.1094	0.9826	0.9308	0.9344	0.9311	0.9856	0.933	0.9323	1.408	1.5598	0.9308	0.9549	0.96	0.9315	0.9317	0.947	0.9337	0.9514	1.3313	0.954	0	0.9888	0.934	0.9308	0.9614	1.2788	0.9314	5.0503	1.2199	0.9312	0.9308	0.9488	0.9468	0.9356	0.931
  b	0.9292	0.9288	1.0223	1.464	0.9288	0.9288	0.9375	0.9291	0.9307	0.9291	0.9511	1.2078	0.9284	0.9293	0.9285	0.93	0.9289	0.9293	1.3815	0.9295	1.2461	1.1179	0.9286	0.9324	1.028	0.9289	0.9291	0.9289	1.2937	0.9303	0.9326	0.9411	0.9888	0	0.9315	0.9286	0.962	1.1148	0.9291	0.9742	0.9291	0.9287	0.9286	0.9322	0.9336	0.9313	0.9287
  c	0.9288	0.929	2.1957	1.0933	0.9288	0.929	0.9492	0.9289	1.0179	0.9296	0.9314	1.1733	0.9293	0.9298	0.9298	0.93	0.9289	0.9296	0.9296	0.9294	0.9338	1.3801	0.9286	1.6367	1.2755	0.9304	0.9298	0.9289	0.9285	0.9307	1.4006	0.9426	0.934	0.9315	0	0.9286	0.9307	1.5594	0.9292	1.3391	0.9291	0.9326	0.9286	0.933	2.2686	0.9321	0.929
  d	0.927	0.9271	0.9291	0.9277	0.9271	0.9271	0.9339	0.9272	0.9289	0.9273	0.928	0.9293	0.9272	0.9275	0.927	0.9282	0.9273	0.9276	0.9274	0.9275	0.9309	0.9338	0.9269	0.9294	0.9279	0.9272	0.9274	0.9272	0.9268	0.9284	0.9302	0.9375	0.9308	0.9286	0.9286	0	0.9278	0.9292	0.9272	0.9284	0.9273	0.9269	0.9269	0.9301	0.9309	0.9285	0.927
  e	0.9279	0.928	1.277	0.9303	0.928	0.9282	1.4821	2.1757	0.9304	0.9282	0.9398	0.9358	0.928	0.9288	0.9278	0.9293	0.9282	0.9289	0.9292	0.9285	0.952	0.986	0.9278	0.9678	0.9458	0.9283	0.9286	0.9282	0.9273	0.9483	1.4137	0.9405	0.9614	0.962	0.9307	0.9278	0	1.0286	1.1146	0.9355	0.9313	0.9279	0.9278	1.2991	0.9339	0.9305	0.9279
  f	0.9973	1.1715	1.5189	0.9555	0.9294	0.9295	0.9429	0.9299	1.2993	0.9302	1.0761	1.9621	1.0187	1.2407	0.9659	0.9309	0.9295	0.9305	1.1913	0.9303	0.937	7.8628	0.9292	2.1167	1.9829	0.9311	0.9318	0.9296	0.9372	0.9316	1.1397	2.7943	1.2788	1.1148	1.5594	0.9292	1.0286	0	1.3192	5.41	0.9299	0.9301	0.9292	0.9336	1.3895	1.3536	0.9303
  g	0.9273	0.9335	0.9457	0.928	0.9274	0.9274	0.9348	1.2575	0.9518	0.9276	0.9285	0.9301	0.9275	0.932	0.9273	0.9285	0.9276	0.9279	0.9278	0.9278	0.9313	1.0342	0.9272	0.9302	0.9286	0.9275	0.9277	0.9275	0.927	0.9287	0.9308	0.9388	0.9314	0.9291	0.9292	0.9272	1.1146	1.3192	0	0.9432	0.9277	0.9273	0.9272	0.9327	0.9316	0.9301	0.9273
  h	0.929	0.9408	2.1581	1.1905	0.9286	0.9288	1.1102	0.9291	4.6087	0.9288	0.9373	0.9558	7.079	0.9567	1.1888	0.9298	0.9287	0.9313	0.9309	0.9292	12.5384	2.8064	0.9284	0.9414	1.7511	0.9292	0.9291	0.9301	9.2407	0.9344	1.8831	0.9507	5.0503	0.9742	1.3391	0.9284	0.9355	5.41	0.9432	0	0.9314	0.938	0.9284	0.9691	1.6278	0.9938	0.9297
  i	0.9274	0.9274	0.9299	0.9281	0.9275	0.9276	1.2235	0.9284	0.9295	0.9277	0.929	0.93	0.9275	0.928	0.9273	0.9287	0.9277	0.9282	0.9278	0.9279	0.9495	0.9357	0.9273	0.9664	0.9284	0.9277	0.9278	0.9278	0.927	0.9295	0.9315	0.9387	1.2199	0.9291	0.9291	0.9273	0.9313	0.9299	0.9277	0.9314	0	0.9273	0.9273	1.4001	0.9325	0.9293	0.9274
  j	0.927	0.9271	0.9297	0.9279	0.9271	0.9272	0.9346	0.9272	0.9294	0.9273	0.9282	0.93	0.9274	0.9277	0.927	0.9282	0.9272	0.9277	0.9277	0.9275	0.9311	1.8869	0.9269	0.9299	0.9282	0.9273	0.9274	0.9272	0.9268	0.9287	1.4026	0.9445	0.9312	0.9287	0.9326	0.9269	0.9279	0.9301	0.9273	0.938	0.9273	0	0.9269	0.9302	0.9334	0.9293	0.927
  k	0.927	0.9271	0.9291	0.9277	0.9271	0.9271	0.9339	0.9272	0.9289	0.9273	0.928	0.9293	0.9272	0.9275	0.927	0.9282	0.9273	0.9276	0.9274	0.9275	0.9309	0.9338	0.9269	0.9294	0.9279	0.9272	0.9274	0.9272	0.9268	0.9284	0.9302	0.9375	0.9308	0.9286	0.9286	0.9269	0.9278	0.9292	0.9272	0.9284	0.9273	0.9269	0	0.9301	0.9309	0.9285	0.927
  l	0.9302	0.9303	0.9342	0.9311	0.9303	0.9328	1.5417	1.0549	0.9346	0.9308	0.9635	0.9344	0.9306	0.9509	0.9301	0.9316	0.9305	0.9315	0.9306	0.9341	1.392	0.9496	0.9301	1.4111	0.9315	0.9428	0.9308	0.9313	0.9301	1.5031	1.3999	0.9438	0.9488	0.9322	0.933	0.9301	1.2991	0.9336	0.9327	0.9691	1.4001	0.9302	0.9301	0	0.971	1.1665	0.9302
  m	0.9311	0.9313	1.6724	1.0535	0.9311	0.9313	0.9789	0.9315	0.948	0.9316	0.9336	0.9924	0.9318	0.9321	0.9309	0.9322	0.9313	0.9322	0.9319	0.9319	0.9802	1.2758	0.9309	1.1845	0.9485	0.9316	0.9316	0.9318	0.9343	0.9341	1.1943	0.9456	0.9468	0.9336	2.2686	0.9309	0.9339	1.3895	0.9316	1.6278	0.9325	0.9334	0.9309	0.971	0	0.9348	0.9311
  n	0.9412	0.9299	0.9406	0.93	0.9286	0.9302	1.053	0.9289	0.9642	0.929	0.931	1.4076	0.9318	0.9327	0.9292	0.9301	0.9288	0.9298	0.9309	0.931	1.0002	3.8875	0.9285	0.9337	0.933	0.9293	0.9293	0.929	0.928	1.5081	1.7484	0.9521	0.9356	0.9313	0.9321	0.9285	0.9305	1.3536	0.9301	0.9938	0.9293	0.9293	0.9285	1.1665	0.9348	0	0.9288
  o	0.927	0.9271	0.9296	0.9279	0.9271	0.9272	0.9356	0.9272	1.4038	0.9273	0.9281	0.93	0.9274	0.9276	0.927	0.9284	0.9273	0.9276	0.9275	0.9276	0.9309	1.393	0.927	0.9297	1.4209	0.9273	0.9275	0.9272	0.9268	0.9285	0.9305	1.4144	0.931	0.9287	0.929	0.927	0.9279	0.9303	0.9273	0.9297	0.9274	0.927	0.927	0.9302	0.9311	0.9288	0

Actual rates from j->i (Q_ij):
	A	B	C	D	E	F	G	H	I	J	K	L	M	N	O	P	Q	R	S	T	U	V	W	X	Y	Z	[	\	]	^	_	`	a	b	c	d	e	f	g	h	i	j	k	l	m	n	o
  A	0	0.0214	0.0214	0.0214	0.0214	0.0214	0.0215	0.0214	0.0214	0.0214	0.0214	0.0214	0.0214	0.0214	0.0213	0.0214	0.0214	0.0214	0.0214	0.0214	0.0214	0.0307	0.0213	0.0214	0.0214	0.0214	0.0214	0.0214	0.0213	0.0214	0.0214	0.0216	0.0214	0.0214	0.0214	0.0213	0.0214	0.023	0.0214	0.0214	0.0214	0.0213	0.0213	0.0214	0.0214	0.0217	0.0213
  B	0.0215	0	0.0216	0.0215	0.0215	0.0215	0.0216	0.0215	0.0216	0.0215	0.0215	0.0216	0.0215	0.0216	0.0215	0.0215	0.0215	0.0215	0.0215	0.0215	0.0216	0.0281	0.0215	0.0215	0.0215	0.0215	0.0215	0.0215	0.0215	0.0215	0.0216	0.0218	0.0216	0.0215	0.0215	0.0215	0.0215	0.0271	0.0216	0.0218	0.0215	0.0215	0.0215	0.0216	0.0216	0.0215	0.0215
  C	0.0195	0.0195	0	0.0202	0.0195	0.0195	0.0273	0.0195	0.0368	0.0195	0.0203	0.0391	0.0195	0.0195	0.0195	0.0195	0.0195	0.0195	0.0196	0.0195	0.0196	0.0323	0.0195	0.0268	0.021	0.0195	0.0195	0.0195	0.0196	0.0195	0.0216	0.0204	0.0214	0.0214	0.046	0.0195	0.0268	0.0318	0.0198	0.0452	0.0195	0.0195	0.0195	0.0196	0.035	0.0197	0.0195
  D	0.0205	0.0205	0.0213	0	0.0205	0.0205	0.0214	0.0205	0.0206	0.0205	0.0206	0.0208	0.0205	0.0205	0.0205	0.0205	0.0205	0.0205	0.0209	0.0205	0.0206	0.0357	0.0205	0.0206	0.0208	0.0205	0.0205	0.0205	0.0205	0.0206	0.0206	0.0209	0.0207	0.0324	0.0242	0.0205	0.0206	0.0211	0.0205	0.0263	0.0205	0.0205	0.0205	0.0206	0.0233	0.0206	0.0205
  E	0.0223	0.0223	0.0223	0.0223	0	0.0223	0.0224	0.0223	0.0223	0.0223	0.0223	0.0223	0.0223	0.0223	0.0223	0.0302	0.0223	0.0223	0.0223	0.0295	0.0224	0.0224	0.0223	0.0223	0.0223	0.0223	0.0223	0.0223	0.0223	0.0223	0.0224	0.0226	0.0224	0.0223	0.0223	0.0223	0.0223	0.0223	0.0223	0.0223	0.0223	0.0223	0.0223	0.0223	0.0224	0.0223	0.0223
  F	0.0221	0.0221	0.0222	0.0221	0.0221	0	0.0226	0.0221	0.0222	0.0221	0.0222	0.0222	0.0221	0.0222	0.0221	0.0221	0.0221	0.0221	0.0221	0.0221	0.0222	0.0223	0.0221	0.0222	0.0221	0.0222	0.0221	0.0221	0.0221	0.0306	0.0291	0.0224	0.0222	0.0222	0.0222	0.0221	0.0221	0.0222	0.0221	0.0222	0.0221	0.0221	0.0221	0.0222	0.0222	0.0222	0.0221
  G	0.0204	0.0204	0.0284	0.0211	0.0204	0.0207	0	0.0208	0.0206	0.0204	0.0363	0.031	0.0204	0.0209	0.0204	0.0204	0.0204	0.0306	0.0204	0.0204	0.0429	0.0382	0.0204	0.0218	0.0204	0.0207	0.0204	0.0308	0.0204	0.0442	0.0486	0.031	0.0434	0.0204	0.0207	0.0204	0.0323	0.0206	0.0204	0.0242	0.0267	0.0204	0.0204	0.0336	0.0213	0.0229	0.0204
  H	0.0226	0.0226	0.0227	0.0226	0.0226	0.0226	0.0232	0	0.0226	0.0226	0.0226	0.0227	0.0226	0.0226	0.0226	0.0226	0.0226	0.0226	0.0226	0.0226	0.0228	0.0228	0.0226	0.0227	0.0226	0.0226	0.0226	0.0226	0.0226	0.0226	0.0227	0.0229	0.0227	0.0226	0.0226	0.0226	0.053	0.0227	0.0306	0.0226	0.0226	0.0226	0.0226	0.0257	0.0227	0.0226	0.0226
  I	0.0142	0.0142	0.0268	0.0142	0.0142	0.0142	0.0144	0.0142	0	0.0142	0.0142	0.0145	0.0143	0.0142	0.0149	0.0142	0.0142	0.0142	0.0142	0.0142	0.0145	0.0251	0.0142	0.0142	0.0183	0.0142	0.0142	0.0142	0.0142	0.0142	0.0142	0.0178	0.0143	0.0142	0.0155	0.0142	0.0142	0.0198	0.0145	0.0704	0.0142	0.0142	0.0142	0.0143	0.0145	0.0147	0.0214
  J	0.0222	0.0222	0.0223	0.0222	0.0222	0.0222	0.0224	0.0222	0.0222	0	0.025	0.0255	0.0222	0.0222	0.0222	0.0222	0.0222	0.0222	0.0222	0.0222	0.0223	0.0224	0.0222	0.0314	0.0222	0.0222	0.0222	0.0222	0.0222	0.0222	0.0223	0.0224	0.0223	0.0222	0.0222	0.0222	0.0222	0.0222	0.0222	0.0222	0.0222	0.0222	0.0222	0.0223	0.0223	0.0222	0.0222
  K	0.0218	0.0218	0.0228	0.0218	0.0218	0.0218	0.0391	0.0218	0.0218	0.0246	0	0.0305	0.0218	0.022	0.0218	0.0218	0.0218	0.0218	0.0218	0.0218	0.0219	0.0343	0.0218	0.028	0.0221	0.0219	0.0218	0.0218	0.0218	0.0219	0.0473	0.0221	0.0304	0.0223	0.0219	0.0218	0.0221	0.0253	0.0218	0.022	0.0218	0.0218	0.0218	0.0226	0.0219	0.0219	0.0218
  L	0.0187	0.0187	0.0376	0.0189	0.0187	0.0187	0.0286	0.0187	0.0191	0.0215	0.0262	0	0.02	0.0188	0.0187	0.0224	0.0187	0.0188	0.0239	0.0273	0.0188	0.0723	0.0187	0.0257	0.0283	0.0187	0.0208	0.0191	0.0187	0.0197	0.0298	0.0465	0.019	0.0243	0.0236	0.0187	0.0188	0.0395	0.0187	0.0192	0.0187	0.0187	0.0187	0.0188	0.02	0.0283	0.0187
  M	0.0121	0.0121	0.0122	0.0122	0.0121	0.0121	0.0122	0.0121	0.0123	0.0121	0.0122	0.013	0	0.0125	0.0121	0.0122	0.0121	0.0123	0.0121	0.0122	0.0152	0.0128	0.0121	0.0123	0.0122	0.0183	0.0122	0.0121	0.0122	0.0125	0.0236	0.0221	0.0145	0.0122	0.0122	0.0121	0.0122	0.0133	0.0121	0.0927	0.0121	0.0121	0.0121	0.0122	0.0122	0.0122	0.0121
  N	0.0221	0.0222	0.0222	0.0221	0.0221	0.0221	0.0229	0.0221	0.0222	0.0221	0.0223	0.0222	0.0227	0	0.0221	0.0222	0.0221	0.0228	0.0221	0.0221	0.0222	0.0261	0.0221	0.0225	0.0221	0.0293	0.0221	0.0221	0.0221	0.0229	0.0412	0.0228	0.0234	0.0221	0.0221	0.0221	0.0221	0.0295	0.0222	0.0228	0.0221	0.0221	0.0221	0.0226	0.0222	0.0222	0.0221
  O	0.0208	0.0208	0.0209	0.0208	0.0208	0.0208	0.021	0.0208	0.0219	0.0208	0.0208	0.0209	0.0208	0.0208	0	0.0208	0.0208	0.0208	0.0208	0.0208	0.0209	0.0241	0.0208	0.0209	0.0209	0.0208	0.0208	0.0208	0.0208	0.0208	0.0209	0.021	0.0209	0.0208	0.0209	0.0208	0.0208	0.0217	0.0208	0.0267	0.0208	0.0208	0.0208	0.0209	0.0209	0.0209	0.0208
  P	0.0214	0.0214	0.0215	0.0215	0.029	0.0215	0.0216	0.0215	0.0215	0.0215	0.0215	0.0257	0.0216	0.0216	0.0214	0	0.0304	0.0385	0.0215	0.058	0.0215	0.0217	0.0214	0.0215	0.0215	0.0215	0.0324	0.0215	0.0214	0.0234	0.0232	0.0407	0.0216	0.0215	0.0215	0.0214	0.0215	0.0215	0.0215	0.0215	0.0215	0.0214	0.0214	0.0215	0.0215	0.0215	0.0215
  Q	0.0223	0.0223	0.0223	0.0223	0.0223	0.0223	0.0225	0.0223	0.0223	0.0223	0.0223	0.0224	0.0223	0.0223	0.0223	0.0316	0	0.0314	0.0223	0.0224	0.0224	0.0225	0.0223	0.0224	0.0223	0.0223	0.0223	0.0223	0.0223	0.0223	0.0224	0.0227	0.0224	0.0223	0.0223	0.0223	0.0223	0.0223	0.0223	0.0223	0.0223	0.0223	0.0223	0.0224	0.0224	0.0223	0.0223
  R	0.0228	0.0228	0.0229	0.0228	0.0228	0.0228	0.0345	0.0228	0.0229	0.0228	0.0229	0.0229	0.023	0.0235	0.0228	0.041	0.0321	0	0.0228	0.0231	0.0229	0.025	0.0228	0.0238	0.0228	0.0228	0.0228	0.0228	0.0228	0.0231	0.0324	0.0234	0.0242	0.0229	0.0229	0.0228	0.0228	0.0229	0.0228	0.0229	0.0228	0.0228	0.0228	0.0229	0.0229	0.0229	0.0228
  S	0.0212	0.0212	0.0214	0.0217	0.0212	0.0212	0.0214	0.0212	0.0213	0.0213	0.0213	0.0272	0.0212	0.0213	0.0212	0.0213	0.0212	0.0213	0	0.0213	0.0213	0.039	0.0212	0.0213	0.0214	0.0212	0.0213	0.0212	0.0212	0.0213	0.0213	0.0216	0.0214	0.0316	0.0213	0.0212	0.0213	0.0273	0.0212	0.0213	0.0212	0.0212	0.0212	0.0213	0.0213	0.0213	0.0212
  T	0.0235	0.0235	0.0236	0.0235	0.0312	0.0235	0.0237	0.0235	0.0235	0.0235	0.0235	0.0344	0.0235	0.0235	0.0235	0.0636	0.0236	0.0237	0.0235	0	0.0236	0.0237	0.0235	0.0236	0.0235	0.0235	0.0253	0.0235	0.0235	0.0365	0.0243	0.0267	0.0236	0.0235	0.0235	0.0235	0.0235	0.0236	0.0235	0.0235	0.0235	0.0235	0.0235	0.0237	0.0236	0.0236	0.0235
  U	0.0092	0.0092	0.0092	0.0092	0.0092	0.0092	0.0194	0.0092	0.0094	0.0092	0.0092	0.0092	0.0114	0.0092	0.0092	0.0092	0.0092	0.0092	0.0092	0.0092	0	0.0094	0.0092	0.0097	0.0092	0.0092	0.0092	0.0092	0.0122	0.0097	0.0112	0.0093	0.0139	0.0123	0.0092	0.0092	0.0094	0.0092	0.0092	0.1236	0.0094	0.0092	0.0092	0.0137	0.0097	0.0099	0.0092
  V	0.0197	0.0179	0.0228	0.0238	0.0138	0.0138	0.0259	0.0138	0.0243	0.0139	0.0216	0.053	0.0145	0.0162	0.0159	0.0139	0.0138	0.015	0.0252	0.0138	0.0141	0	0.0138	0.036	0.0381	0.0138	0.0138	0.0139	0.0139	0.0141	0.028	0.095	0.023	0.0165	0.0204	0.0138	0.0146	0.1162	0.0153	0.0415	0.0138	0.0279	0.0138	0.014	0.0188	0.0574	0.0206
  W	0.0219	0.0219	0.0219	0.0219	0.0219	0.0219	0.022	0.0219	0.0219	0.0219	0.0219	0.0219	0.0219	0.0219	0.0219	0.0219	0.0219	0.0219	0.0219	0.0219	0.022	0.022	0	0.0219	0.0219	0.0219	0.0219	0.0219	0.0219	0.0219	0.0219	0.0221	0.022	0.0219	0.0219	0.0219	0.0219	0.0219	0.0219	0.0219	0.0219	0.0219	0.0219	0.0219	0.022	0.0219	0.0219
  X	0.0207	0.0207	0.0285	0.0207	0.0207	0.0207	0.0223	0.0207	0.0208	0.0292	0.0266	0.0284	0.0209	0.021	0.0207	0.0207	0.0207	0.0215	0.0207	0.0207	0.0219	0.0542	0.0207	0	0.0291	0.0237	0.0239	0.0207	0.0207	0.0209	0.0697	0.0314	0.0213	0.0208	0.0364	0.0207	0.0215	0.0471	0.0207	0.021	0.0215	0.0207	0.0207	0.0314	0.0264	0.0208	0.0207
  Y	0.0187	0.0186	0.0201	0.0188	0.0186	0.0186	0.0188	0.0186	0.024	0.0186	0.0189	0.0282	0.0186	0.0186	0.0187	0.0186	0.0186	0.0186	0.0187	0.0186	0.0187	0.0518	0.0186	0.0262	0	0.0186	0.0186	0.0186	0.0228	0.0187	0.0187	0.0191	0.0193	0.0206	0.0256	0.0186	0.019	0.0398	0.0186	0.0351	0.0186	0.0186	0.0186	0.0187	0.019	0.0187	0.0285
  Z	0.0224	0.0224	0.0225	0.0224	0.0224	0.0224	0.023	0.0224	0.0224	0.0224	0.0225	0.0225	0.0337	0.0297	0.0224	0.0224	0.0224	0.0224	0.0224	0.0224	0.0225	0.0226	0.0224	0.0257	0.0224	0	0.0224	0.0224	0.0224	0.0225	0.0394	0.034	0.0225	0.0224	0.0225	0.0224	0.0224	0.0225	0.0224	0.0224	0.0224	0.0224	0.0224	0.0228	0.0225	0.0224	0.0224
  [	0.0223	0.0223	0.0224	0.0223	0.0223	0.0223	0.0225	0.0223	0.0223	0.0223	0.0223	0.0248	0.0223	0.0223	0.0223	0.0337	0.0223	0.0223	0.0223	0.024	0.0224	0.0225	0.0223	0.0258	0.0223	0.0223	0	0.0223	0.0223	0.0229	0.0323	0.0247	0.0224	0.0223	0.0223	0.0223	0.0223	0.0224	0.0223	0.0223	0.0223	0.0223	0.0223	0.0224	0.0224	0.0223	0.0223
  \	0.022	0.022	0.022	0.022	0.022	0.022	0.0336	0.022	0.022	0.022	0.022	0.0224	0.022	0.022	0.022	0.022	0.022	0.022	0.022	0.022	0.0221	0.0223	0.022	0.0221	0.022	0.022	0.022	0	0.022	0.0222	0.0221	0.0223	0.0225	0.022	0.022	0.022	0.022	0.022	0.022	0.0221	0.022	0.022	0.022	0.0221	0.0221	0.022	0.022
  ]	0.0102	0.0102	0.0103	0.0102	0.0102	0.0102	0.0102	0.0102	0.0102	0.0102	0.0102	0.0102	0.0102	0.0102	0.0102	0.0102	0.0102	0.0102	0.0102	0.0102	0.0136	0.0103	0.0102	0.0102	0.0125	0.0102	0.0102	0.0102	0	0.0102	0.0102	0.0102	0.0102	0.0142	0.0102	0.0102	0.0102	0.0103	0.0102	0.1012	0.0102	0.0102	0.0102	0.0102	0.0102	0.0102	0.0102
  ^	0.0229	0.0229	0.0229	0.0229	0.0229	0.0316	0.0499	0.0229	0.0229	0.0229	0.023	0.0241	0.0236	0.0237	0.0229	0.025	0.0229	0.0231	0.0229	0.0355	0.0243	0.0235	0.0229	0.0231	0.0229	0.023	0.0235	0.023	0.0228	0	0.0479	0.0286	0.0234	0.0229	0.0229	0.0229	0.0234	0.0229	0.0229	0.023	0.0229	0.0229	0.0229	0.037	0.023	0.0371	0.0229
  _	0.0169	0.0169	0.0187	0.0169	0.0169	0.0222	0.0405	0.0169	0.0169	0.0169	0.0365	0.0269	0.0327	0.0314	0.0169	0.0182	0.0169	0.0239	0.0169	0.0174	0.0206	0.0344	0.0169	0.0568	0.0169	0.0296	0.0244	0.0169	0.0169	0.0353	0	0.0244	0.0242	0.0169	0.0254	0.0169	0.0256	0.0207	0.0169	0.0342	0.0169	0.0254	0.0169	0.0254	0.0217	0.0317	0.0169
  `	0.0171	0.0172	0.0178	0.0173	0.0172	0.0172	0.026	0.0172	0.0214	0.0172	0.0172	0.0422	0.0309	0.0175	0.0171	0.0322	0.0172	0.0174	0.0172	0.0193	0.0172	0.1175	0.0171	0.0258	0.0174	0.0257	0.0188	0.0172	0.017	0.0212	0.0245	0	0.0174	0.0172	0.0172	0.0171	0.0172	0.0511	0.0172	0.0174	0.0172	0.0173	0.0171	0.0173	0.0173	0.0174	0.0259
  a	0.0141	0.0141	0.0155	0.0142	0.0141	0.0141	0.0302	0.0141	0.0142	0.0141	0.0196	0.0143	0.0168	0.0149	0.0141	0.0142	0.0141	0.0149	0.0141	0.0141	0.0214	0.0237	0.0141	0.0145	0.0146	0.0141	0.0141	0.0144	0.0142	0.0144	0.0202	0.0145	0	0.015	0.0142	0.0141	0.0146	0.0194	0.0141	0.0766	0.0185	0.0141	0.0141	0.0144	0.0144	0.0142	0.0141
  b	0.0217	0.0217	0.0238	0.0342	0.0217	0.0217	0.0219	0.0217	0.0217	0.0217	0.0222	0.0282	0.0217	0.0217	0.0217	0.0217	0.0217	0.0217	0.0322	0.0217	0.0291	0.0261	0.0217	0.0218	0.024	0.0217	0.0217	0.0217	0.0302	0.0217	0.0218	0.022	0.0231	0	0.0217	0.0217	0.0224	0.026	0.0217	0.0227	0.0217	0.0217	0.0217	0.0217	0.0218	0.0217	0.0217
  c	0.0206	0.0206	0.0486	0.0242	0.0206	0.0206	0.021	0.0206	0.0225	0.0206	0.0206	0.026	0.0206	0.0206	0.0206	0.0206	0.0206	0.0206	0.0206	0.0206	0.0207	0.0306	0.0206	0.0362	0.0282	0.0206	0.0206	0.0206	0.0206	0.0206	0.031	0.0209	0.0207	0.0206	0	0.0206	0.0206	0.0345	0.0206	0.0297	0.0206	0.0207	0.0206	0.0207	0.0502	0.0206	0.0206
  d	0.0219	0.0219	0.0219	0.0219	0.0219	0.0219	0.022	0.0219	0.0219	0.0219	0.0219	0.0219	0.0219	0.0219	0.0219	0.0219	0.0219	0.0219	0.0219	0.0219	0.022	0.022	0.0219	0.0219	0.0219	0.0219	0.0219	0.0219	0.0219	0.0219	0.0219	0.0221	0.022	0.0219	0.0219	0	0.0219	0.0219	0.0219	0.0219	0.0219	0.0219	0.0219	0.0219	0.022	0.0219	0.0219
  e	0.023	0.023	0.0316	0.023	0.023	0.023	0.0367	0.0539	0.023	0.023	0.0233	0.0232	0.023	0.023	0.023	0.023	0.023	0.023	0.023	0.023	0.0236	0.0244	0.023	0.024	0.0234	0.023	0.023	0.023	0.023	0.0235	0.035	0.0233	0.0238	0.0238	0.0231	0.023	0	0.0255	0.0276	0.0232	0.0231	0.023	0.023	0.0322	0.0231	0.023	0.023
  f	0.0126	0.0149	0.0193	0.0121	0.0118	0.0118	0.012	0.0118	0.0165	0.0118	0.0136	0.0249	0.0129	0.0157	0.0122	0.0118	0.0118	0.0118	0.0151	0.0118	0.0119	0.0997	0.0118	0.0268	0.0251	0.0118	0.0118	0.0118	0.0119	0.0118	0.0145	0.0354	0.0162	0.0141	0.0198	0.0118	0.013	0	0.0167	0.0686	0.0118	0.0118	0.0118	0.0118	0.0176	0.0172	0.0118
  g	0.0222	0.0224	0.0226	0.0222	0.0222	0.0222	0.0224	0.0301	0.0228	0.0222	0.0222	0.0223	0.0222	0.0223	0.0222	0.0222	0.0222	0.0222	0.0222	0.0222	0.0223	0.0248	0.0222	0.0223	0.0222	0.0222	0.0222	0.0222	0.0222	0.0222	0.0223	0.0225	0.0223	0.0223	0.0223	0.0222	0.0267	0.0316	0	0.0226	0.0222	0.0222	0.0222	0.0223	0.0223	0.0223	0.0222
  h	0.0146	0.0148	0.034	0.0187	0.0146	0.0146	0.0175	0.0146	0.0725	0.0146	0.0148	0.015	0.1114	0.0151	0.0187	0.0146	0.0146	0.0147	0.0147	0.0146	0.1973	0.0442	0.0146	0.0148	0.0276	0.0146	0.0146	0.0146	0.1454	0.0147	0.0296	0.015	0.0795	0.0153	0.0211	0.0146	0.0147	0.0851	0.0148	0	0.0147	0.0148	0.0146	0.0153	0.0256	0.0156	0.0146
  i	0.0225	0.0225	0.0225	0.0225	0.0225	0.0225	0.0296	0.0225	0.0225	0.0225	0.0225	0.0225	0.0225	0.0225	0.0225	0.0225	0.0225	0.0225	0.0225	0.0225	0.023	0.0227	0.0225	0.0234	0.0225	0.0225	0.0225	0.0225	0.0224	0.0225	0.0226	0.0227	0.0295	0.0225	0.0225	0.0225	0.0225	0.0225	0.0225	0.0226	0	0.0225	0.0225	0.0339	0.0226	0.0225	0.0225
  j	0.0208	0.0208	0.0209	0.0208	0.0208	0.0208	0.021	0.0208	0.0209	0.0208	0.0208	0.0209	0.0208	0.0208	0.0208	0.0208	0.0208	0.0208	0.0208	0.0208	0.0209	0.0424	0.0208	0.0209	0.0208	0.0208	0.0208	0.0208	0.0208	0.0208	0.0315	0.0212	0.0209	0.0208	0.0209	0.0208	0.0208	0.0209	0.0208	0.0211	0.0208	0	0.0208	0.0209	0.021	0.0209	0.0208
  k	0.0219	0.0219	0.0219	0.0219	0.0219	0.0219	0.022	0.0219	0.0219	0.0219	0.0219	0.0219	0.0219	0.0219	0.0219	0.0219	0.0219	0.0219	0.0219	0.0219	0.022	0.022	0.0219	0.0219	0.0219	0.0219	0.0219	0.0219	0.0219	0.0219	0.0219	0.0221	0.022	0.0219	0.0219	0.0219	0.0219	0.0219	0.0219	0.0219	0.0219	0.0219	0	0.0219	0.022	0.0219	0.0219
  l	0.0222	0.0222	0.0223	0.0222	0.0222	0.0222	0.0367	0.0251	0.0223	0.0222	0.0229	0.0223	0.0222	0.0226	0.0222	0.0222	0.0222	0.0222	0.0222	0.0223	0.0332	0.0226	0.0222	0.0336	0.0222	0.0225	0.0222	0.0222	0.0222	0.0358	0.0333	0.0225	0.0226	0.0222	0.0222	0.0222	0.0309	0.0222	0.0222	0.0231	0.0333	0.0222	0.0222	0	0.0231	0.0278	0.0222
  m	0.0203	0.0203	0.0364	0.0229	0.0203	0.0203	0.0213	0.0203	0.0206	0.0203	0.0203	0.0216	0.0203	0.0203	0.0203	0.0203	0.0203	0.0203	0.0203	0.0203	0.0213	0.0278	0.0203	0.0258	0.0206	0.0203	0.0203	0.0203	0.0203	0.0203	0.026	0.0206	0.0206	0.0203	0.0494	0.0203	0.0203	0.0302	0.0203	0.0354	0.0203	0.0203	0.0203	0.0211	0	0.0203	0.0203
  n	0.0192	0.0189	0.0191	0.0189	0.0189	0.0189	0.0214	0.0189	0.0196	0.0189	0.019	0.0287	0.019	0.019	0.0189	0.0189	0.0189	0.0189	0.019	0.019	0.0204	0.0791	0.0189	0.019	0.019	0.0189	0.0189	0.0189	0.0189	0.0307	0.0356	0.0194	0.019	0.019	0.019	0.0189	0.0189	0.0276	0.0189	0.0202	0.0189	0.0189	0.0189	0.0237	0.019	0	0.0189
  o	0.0209	0.0209	0.021	0.0209	0.0209	0.0209	0.0211	0.0209	0.0317	0.0209	0.0209	0.021	0.0209	0.0209	0.0209	0.0209	0.0209	0.0209	0.0209	0.0209	0.021	0.0314	0.0209	0.021	0.0321	0.0209	0.0209	0.0209	0.0209	0.0209	0.021	0.0319	0.021	0.021	0.021	0.0209	0.0209	0.021	0.0209	0.021	0.0209	0.0209	0.0209	0.021	0.021	0.021	0

