Character to attribute mapping:
  p: ?
  A: Arizona
  B: Arkansas
  C: California
  D: Colorado
  E: Connecticut
  F: Delaware
  G: Florida
  H: Georgia
  I: Idaho
  J: Illinois
  K: Indiana
  L: Iowa
  M: Kansas
  N: Kentucky
  O: Louisiana
  P: MA
  Q: ME
  R: Maine
  S: Maryland
  T: Massachusetts
  U: Michigan
  V: Minnesota
  W: Mississippi
  X: Missouri
  Y: Montana
  Z: Nebraska
  [: New_Hampshire
  \: New_Jersey
  ]: New_Mexico
  ^: New_York
  _: North_Carolina
  `: North_Dakota
  a: Ohio
  b: Oklahoma
  c: Oregon
  d: Pennsylvania
  e: South_Carolina
  f: South_Dakota
  g: Tennessee
  h: Texas
  i: USA
  j: Utah
  k: Vermont
  l: Virginia
  m: Washington
  n: Wisconsin
  o: Wyoming


Substitution rate (mu): 184.95744

Equilibrium frequencies (pi_i):
  A: 0.0236
  B: 0.0227
  C: 0.0208
  D: 0.0229
  E: 0.0236
  F: 0.0236
  G: 0.0208
  H: 0.0241
  I: 0.0171
  J: 0.0236
  K: 0.0237
  L: 0.021
  M: 0.0137
  N: 0.0225
  O: 0.0225
  P: 0.024
  Q: 0.0236
  R: 0.0241
  S: 0.0233
  T: 0.0247
  U: 0.0122
  V: 0.015
  W: 0.0233
  X: 0.0228
  Y: 0.0212
  Z: 0.0237
  [: 0.0235
  \: 0.0235
  ]: 0.0098
  ^: 0.0233
  _: 0.0185
  `: 0.0135
  a: 0.0153
  b: 0.0221
  c: 0.0218
  d: 0.0233
  e: 0.0241
  f: 0.0154
  g: 0.023
  h: 0.0189
  i: 0.0238
  j: 0.0234
  k: 0.0233
  l: 0.0245
  m: 0.0234
  n: 0.0199
  o: 0.0217

Symmetrized rates from j->i (W_ij):
	A	B	C	D	E	F	G	H	I	J	K	L	M	N	O	P	Q	R	S	T	U	V	W	X	Y	Z	[	\	]	^	_	`	a	b	c	d	e	f	g	h	i	j	k	l	m	n	o
  A	0	0.927	0.929	0.9341	0.9271	0.927	0.9316	0.9272	0.9273	0.9284	0.9308	0.9358	0.928	0.9277	0.9273	0.9325	0.9284	0.9289	0.9294	0.9273	0.9266	0.9372	0.9269	0.9296	0.9283	0.9277	0.9271	0.9274	0.9277	0.9281	0.9294	0.9402	0.9287	1.2897	0.9283	0.9269	0.9277	1.2492	0.9272	0.926	0.9274	0.9271	0.9269	0.9277	0.9295	0.9286	0.9271
  B	0.927	0	0.9404	0.9274	0.9269	0.9268	0.9315	0.927	0.9568	0.9282	0.9302	0.9352	0.9278	0.9275	0.9271	0.9322	0.9281	0.9287	0.9271	0.9271	0.9265	1.3811	0.9268	0.9292	0.9289	0.9274	0.9269	0.9272	0.9277	0.928	0.9292	0.9401	0.9282	0.9278	0.9281	0.9268	0.9274	0.9296	0.9292	0.9274	0.9272	0.9269	0.9268	0.9275	0.9292	0.9286	0.927
  C	0.929	0.9404	0	1.0293	0.9287	0.9287	1.1408	0.9289	1.464	0.9309	0.9341	1.2519	0.9317	0.9311	0.9303	0.9349	0.9301	0.9312	0.9293	0.9291	0.9295	2.0002	0.9286	1.3197	1.2122	0.9298	0.929	0.9294	1.0989	0.9356	0.9828	1.034	0.9323	0.9308	2.6991	0.9286	0.9306	1.896	0.9704	1.5005	0.9293	0.9296	0.9286	0.93	1.8805	0.9416	0.9292
  D	0.9341	0.9274	1.0293	0	0.9275	0.9273	1.3319	0.9276	0.9283	0.9288	0.9314	0.9371	0.9293	0.9282	0.9277	0.933	0.9287	0.9296	0.9551	0.9277	0.9277	1.1178	0.9273	0.9308	0.9293	0.928	0.9275	0.928	0.9292	0.9292	0.9308	1.3353	0.9299	0.9772	0.9517	0.9273	0.9283	1.407	0.9277	0.9708	0.9279	0.9275	0.9273	0.9284	0.9503	0.9299	0.9276
  E	0.9271	0.9269	0.9287	0.9275	0	0.9269	0.9315	0.9271	0.9272	0.9284	0.9303	0.9353	0.9279	0.9276	0.9272	1.2306	0.9291	0.9301	0.9271	1.2636	0.9265	0.9307	0.9269	0.9292	0.928	0.9275	0.9273	0.9274	0.9277	0.9282	0.9299	0.9397	0.9282	0.9279	0.9281	0.9269	0.9276	0.9293	0.9272	0.9254	0.9273	0.927	0.9269	0.9277	0.9292	0.9284	0.927
  F	0.927	0.9268	0.9287	0.9273	0.9269	0	0.9316	0.927	0.9271	0.9282	0.9302	0.9353	0.928	0.9275	0.9271	0.9325	0.9282	0.9288	0.927	0.9271	0.9264	0.9307	0.9267	0.9294	0.9279	0.9274	0.935	0.9272	0.9276	0.928	1.415	0.94	0.9282	0.9277	0.928	0.9267	0.9275	0.9292	0.927	0.9253	0.9272	0.9269	0.9267	0.9275	0.9292	0.9283	0.9269
  G	0.9316	0.9315	1.1408	1.3319	0.9315	0.9316	0	0.9579	0.9326	0.9336	1.1818	1.5099	1.3188	0.9646	0.9322	0.9395	0.9332	1.1371	0.9324	0.9324	1.4188	1.6767	0.9313	1.2854	0.9373	0.9676	0.9322	1.1619	0.9386	1.6645	1.5731	2.4555	1.7743	0.9332	0.9946	0.9313	1.2908	0.9656	0.9354	1.0512	1.3305	0.9321	0.9313	1.4259	1.0163	1.34	0.9321
  H	0.9272	0.927	0.9289	0.9276	0.9271	0.927	0.9579	0	0.9273	0.9285	0.9305	0.9358	0.928	0.9277	0.9273	0.9326	0.9284	0.929	0.9272	0.9274	0.9319	0.9309	0.927	0.9294	0.9284	0.9276	0.9271	0.9275	0.9277	0.9283	0.9295	0.9401	0.9283	0.928	0.9282	0.927	1.876	0.9297	1.2652	0.9256	0.9377	0.9271	0.927	0.9394	0.9293	0.9286	0.9271
  I	0.9273	0.9568	1.464	0.9283	0.9272	0.9271	0.9326	0.9273	0	0.9283	0.9301	0.935	0.9345	0.9577	0.9329	0.9318	0.9283	0.9288	0.9275	0.9274	1.1105	1.9796	0.9271	0.93	1.2568	0.9276	0.9272	0.9275	1.9666	0.9283	0.93	1.415	0.929	0.9281	0.9298	0.9271	0.9277	0.9346	0.9516	3.3893	0.9274	0.9272	0.9271	0.9277	0.9311	0.9372	0.9274
  J	0.9284	0.9282	0.9309	0.9288	0.9284	0.9282	0.9336	0.9285	0.9283	0	1.3516	1.2182	0.9292	0.9291	0.9285	0.9397	0.9311	0.9322	0.9285	0.9287	0.9273	0.9337	0.9282	0.9327	0.9296	0.9289	0.9286	0.9289	0.9287	0.9297	0.9307	0.9449	0.9296	0.9294	0.9293	0.9282	0.9291	0.9314	0.9285	0.9267	0.9288	0.9284	0.9282	0.9293	0.9307	0.93	0.9283
  K	0.9308	0.9302	0.9341	0.9314	0.9303	0.9302	1.1818	0.9305	0.9301	1.3516	0	1.3868	1.3754	1.4127	0.9305	0.9446	0.9336	0.9352	0.9309	0.9308	0.9292	1.4898	0.9301	1.4542	0.9325	0.9421	0.9307	0.931	0.9301	0.9325	0.9695	0.952	1.8143	1.153	0.9319	0.9301	0.9317	1.0219	0.9305	0.9355	1.0298	0.9303	0.9301	1.4005	0.9338	1.412	0.9304
  L	0.9358	0.9352	1.2519	0.9371	0.9353	0.9353	1.5099	0.9358	0.935	1.2182	1.3868	0	1.1227	0.9658	0.9354	0.9767	0.9438	0.9476	0.9369	0.9442	0.9329	3.5033	0.935	1.6996	1.404	0.9703	1.4143	1.129	0.9349	1.097	1.2079	1.7302	0.9716	0.9381	0.9393	0.935	1.2989	2.5312	0.9358	0.9424	0.9362	0.9358	0.935	0.9385	1.0231	0.9419	0.9363
  M	0.928	0.9278	0.9317	0.9293	0.9279	0.928	1.3188	0.928	0.9345	0.9292	1.3754	1.1227	0	1.1012	0.9295	0.9656	0.9288	0.9296	0.9281	0.9282	0.9289	1.4212	0.9278	1.528	0.9296	1.1104	0.9324	0.9283	1.3842	0.9295	1.4654	1.4093	1.197	0.9291	0.9302	0.9278	0.9288	1.255	0.9281	6.843	0.9285	0.9279	0.9278	0.9461	0.9317	0.9672	0.9279
  N	0.9277	0.9275	0.9311	0.9282	0.9276	0.9275	0.9646	0.9277	0.9577	0.9291	1.4127	0.9658	1.1012	0	0.9312	0.9338	0.9288	0.9295	0.9278	0.9278	0.9276	1.0243	0.9274	0.9832	0.9372	1.3348	0.9278	0.928	0.9295	0.9289	1.007	0.954	0.9847	0.9288	0.9289	0.9274	0.9283	0.9608	0.9283	1.3263	0.9281	0.9276	0.9274	0.9748	0.93	0.9599	0.9276
  O	0.9273	0.9271	0.9303	0.9277	0.9272	0.9271	0.9322	0.9273	0.9329	0.9285	0.9305	0.9354	0.9295	0.9312	0	0.9324	0.9284	0.929	0.9275	0.9274	0.9279	0.9903	0.9271	0.9301	0.9288	0.9277	0.9272	0.9275	0.93	0.9284	0.9299	1.0695	0.9292	0.9281	0.9284	0.9271	0.9277	0.9314	0.9277	1.1375	0.9275	0.9272	0.9271	0.9279	0.9295	1.0441	0.9273
  P	0.9325	0.9322	0.9349	0.933	1.2306	0.9325	0.9395	0.9326	0.9318	0.9397	0.9446	0.9767	0.9656	0.9338	0.9324	0	1.2375	1.6478	0.9328	2.2189	0.9298	0.9741	0.9322	0.9382	0.9341	1.0023	1.2805	0.933	0.9314	0.9351	1.7835	0.9583	0.9368	0.9332	0.9336	0.9322	0.9336	0.9469	0.9325	0.9329	0.9329	0.9326	0.9322	0.9335	0.9356	0.9346	0.9325
  Q	0.9284	0.9281	0.9301	0.9287	0.9291	0.9282	0.9332	0.9284	0.9283	0.9311	0.9336	0.9438	0.9288	0.9288	0.9284	1.2375	0	1.415	0.9284	0.9323	0.9273	0.9327	0.9281	0.931	0.9294	0.9289	0.9286	0.9287	0.9285	0.9295	0.9322	0.9438	0.9292	0.9291	0.9293	0.9281	0.9289	0.9307	0.9284	0.9266	0.9286	0.9283	0.9281	0.929	0.9305	0.9298	0.9283
  R	0.9289	0.9287	0.9312	0.9296	0.9301	0.9288	1.1371	0.929	0.9288	0.9322	0.9352	0.9476	0.9296	0.9295	0.929	1.6478	1.415	0	0.9291	1.243	0.9277	0.9354	0.9287	0.9328	0.9301	0.9298	0.9296	0.9294	0.9291	0.9307	1.4064	1.2395	0.9298	0.9297	0.9301	0.9287	0.9331	0.9317	0.929	0.9274	0.9293	0.929	0.9287	0.9299	0.9318	0.9309	0.9289
  S	0.9294	0.9271	0.9293	0.9551	0.9271	0.927	0.9324	0.9272	0.9275	0.9285	0.9309	0.9369	0.9281	0.9278	0.9275	0.9328	0.9284	0.9291	0	0.9273	0.9266	1.1095	0.927	0.9301	1.0336	0.9276	0.9271	0.9275	0.928	0.9284	0.9299	1.4091	0.9286	0.9495	0.9286	0.927	0.9278	1.4011	0.9273	0.9263	0.9274	0.9271	0.927	0.9279	0.93	1.315	0.9273
  T	0.9273	0.9271	0.9291	0.9277	1.2636	0.9271	0.9324	0.9274	0.9274	0.9287	0.9308	0.9442	0.9282	0.9278	0.9274	2.2189	0.9323	1.243	0.9273	0	0.9267	0.9313	0.9271	0.9297	0.9283	0.928	1.4009	0.9278	0.9278	1.4116	0.9342	0.9412	0.9285	0.9281	0.9283	0.9271	0.9278	0.9296	0.9274	0.9255	0.9276	0.9272	0.9271	0.9362	0.9295	0.9287	0.9272
  U	0.9266	0.9265	0.9295	0.9277	0.9265	0.9264	1.4188	0.9319	1.1105	0.9273	0.9292	0.9329	0.9289	0.9276	0.9279	0.9298	0.9273	0.9277	0.9266	0.9267	0	0.932	0.9264	0.9283	0.9278	0.9268	0.9265	0.9295	1.2196	1.3986	0.9285	0.937	1.0487	1.0384	0.9284	0.9264	1.4034	0.9285	0.9276	8.4737	0.9408	0.9265	0.9264	0.9303	0.9291	0.9291	0.9265
  V	0.9372	1.3811	2.0002	1.1178	0.9307	0.9307	1.6767	0.9309	1.9796	0.9337	1.4898	3.5033	1.4212	1.0243	0.9903	0.9741	0.9327	0.9354	1.1095	0.9313	0.932	0	0.9305	1.6223	2.8348	0.9571	0.9318	0.9323	1.4234	1.1161	1.448	10.6842	0.9892	1.1628	1.9168	0.9305	0.9349	6.2791	1.373	1.6038	0.9316	0.9325	0.9305	0.9336	1.3078	3.5139	1.8967
  W	0.9269	0.9268	0.9286	0.9273	0.9269	0.9267	0.9313	0.927	0.9271	0.9282	0.9301	0.935	0.9278	0.9274	0.9271	0.9322	0.9281	0.9287	0.927	0.9271	0.9264	0.9305	0	0.9291	0.9279	0.9273	0.9269	0.9272	0.9276	0.9279	0.9291	0.9394	0.9281	0.9277	0.9279	0.9267	0.9274	0.9291	0.927	0.9252	0.9272	0.9268	0.9267	0.9275	0.929	0.9283	0.9268
  X	0.9296	0.9292	1.3197	0.9308	0.9292	0.9294	1.2854	0.9294	0.93	0.9327	1.4542	1.6996	1.528	0.9832	0.9301	0.9382	0.931	0.9328	0.9301	0.9297	0.9283	1.6223	0.9291	0	0.9485	0.9468	0.9301	0.9302	0.94	0.9486	1.4705	1.9096	0.9486	0.9313	0.9428	0.9291	0.9316	2.4333	0.9295	0.9418	0.93	0.9298	0.9291	1.3445	0.9815	1.1818	0.9331
  Y	0.9283	0.9289	1.2122	0.9293	0.928	0.9279	0.9373	0.9284	1.2568	0.9296	0.9325	1.404	0.9296	0.9372	0.9288	0.9341	0.9294	0.9301	1.0336	0.9283	0.9278	2.8348	0.9279	0.9485	0	0.9289	0.9282	0.9286	0.93	0.9303	0.9394	0.9613	0.9634	0.9304	1.4195	0.9279	1.0615	1.8251	0.9287	1.1742	0.9285	0.9324	0.9279	0.9289	1.3642	1.0839	0.9294
  Z	0.9277	0.9274	0.9298	0.928	0.9275	0.9274	0.9676	0.9276	0.9276	0.9289	0.9421	0.9703	1.1104	1.3348	0.9277	1.0023	0.9289	0.9298	0.9276	0.928	0.9268	0.9571	0.9273	0.9468	0.9289	0	0.9346	0.9279	0.9283	0.9291	1.4927	1.4081	0.9935	0.9287	0.9289	0.9273	0.9283	1.4811	0.9276	0.9321	0.9279	0.9275	0.9273	0.9285	0.9307	0.9298	0.9276
  [	0.9271	0.9269	0.929	0.9275	0.9273	0.935	0.9322	0.9271	0.9272	0.9286	0.9307	1.4143	0.9324	0.9278	0.9272	1.2805	0.9286	0.9296	0.9271	1.4009	0.9265	0.9318	0.9269	0.9301	0.9282	0.9346	0	0.9276	0.9277	0.9286	1.73	0.9409	0.9286	0.9279	0.9282	0.9269	0.9279	0.9305	0.9272	0.9258	0.9273	0.927	0.9269	0.9277	0.9296	0.9285	0.927
  \	0.9274	0.9272	0.9294	0.928	0.9274	0.9272	1.1619	0.9275	0.9275	0.9289	0.931	1.129	0.9283	0.928	0.9275	0.933	0.9287	0.9294	0.9275	0.9278	0.9295	0.9323	0.9272	0.9302	0.9286	0.9279	0.9276	0	0.9279	1.252	0.9302	0.9415	0.9288	0.9282	0.9285	0.9272	0.9283	0.93	0.9275	0.9258	0.9279	0.9273	0.9272	0.9285	0.9297	0.929	0.9273
  ]	0.9277	0.9277	1.0989	0.9292	0.9277	0.9276	0.9386	0.9277	1.9666	0.9287	0.9301	0.9349	1.3842	0.9295	0.93	0.9314	0.9285	0.9291	0.928	0.9278	1.2196	1.4234	0.9276	0.94	0.93	0.9283	0.9277	0.9279	0	0.9297	0.9389	1.1682	0.9423	0.9429	0.9304	0.9276	0.928	0.959	0.9281	12.7002	0.9279	0.9279	0.9276	0.9281	0.9321	0.9333	0.928
  ^	0.9281	0.928	0.9356	0.9292	0.9282	0.928	1.6645	0.9283	0.9283	0.9297	0.9325	1.097	0.9295	0.9289	0.9284	0.9351	0.9295	0.9307	0.9284	1.4116	1.3986	1.1161	0.9279	0.9486	0.9303	0.9291	0.9286	1.252	0.9297	0	1.4135	1.3165	0.9298	0.9289	0.9315	0.9279	0.9296	0.933	0.9283	0.9284	0.9288	0.9282	0.9279	1.408	0.939	0.9919	0.9283
  _	0.9294	0.9292	0.9828	0.9308	0.9299	1.415	1.5731	0.9295	0.93	0.9307	0.9695	1.2079	1.4654	1.007	0.9299	1.7835	0.9322	1.4064	0.9299	0.9342	0.9285	1.448	0.9291	1.4705	0.9394	1.4927	1.73	0.9302	0.9389	1.4135	0	1.1636	1.0728	0.9303	0.9526	0.9291	1.4028	1.1249	0.9295	2.366	0.93	0.9298	0.9291	0.9321	1.0242	0.9365	0.9297
  `	0.9402	0.9401	1.034	1.3353	0.9397	0.94	2.4555	0.9401	1.415	0.9449	0.952	1.7302	1.4093	0.954	1.0695	0.9583	0.9438	1.2395	1.4091	0.9412	0.937	10.6842	0.9394	1.9096	0.9613	1.4081	0.9409	0.9415	1.1682	1.3165	1.1636	0	0.9417	0.9422	0.9805	0.9394	0.9423	2.3058	0.9416	1.2289	0.9407	1.4147	0.9394	0.9437	1.0905	2.1942	1.3348
  a	0.9287	0.9282	0.9323	0.9299	0.9282	0.9282	1.7743	0.9283	0.929	0.9296	1.8143	0.9716	1.197	0.9847	0.9292	0.9368	0.9292	0.9298	0.9286	0.9285	1.0487	0.9892	0.9281	0.9486	0.9634	0.9935	0.9286	0.9288	0.9423	0.9298	1.0728	0.9417	0	1.076	0.9689	0.9281	0.9294	1.5747	0.9284	5.4753	1.1821	0.9286	0.9281	0.9299	1.1492	0.9319	0.9283
  b	1.2897	0.9278	0.9308	0.9772	0.9279	0.9277	0.9332	0.928	0.9281	0.9294	1.153	0.9381	0.9291	0.9288	0.9281	0.9332	0.9291	0.9297	0.9495	0.9281	1.0384	1.1628	0.9277	0.9313	0.9304	0.9287	0.9279	0.9282	0.9429	0.9289	0.9303	0.9422	1.076	0	0.9296	0.9277	0.9287	1.5953	0.9281	1.2845	0.9284	0.9279	0.9277	0.9288	0.9309	0.9302	0.9281
  c	0.9283	0.9281	2.6991	0.9517	0.9281	0.928	0.9946	0.9282	0.9298	0.9293	0.9319	0.9393	0.9302	0.9289	0.9284	0.9336	0.9293	0.9301	0.9286	0.9283	0.9284	1.9168	0.9279	0.9428	1.4195	0.9289	0.9282	0.9285	0.9304	0.9315	0.9526	0.9805	0.9689	0.9296	0	0.9279	0.929	1.5435	0.9287	1.0021	0.9285	1.2656	0.9279	0.9289	2.7156	0.9357	0.9284
  d	0.9269	0.9268	0.9286	0.9273	0.9269	0.9267	0.9313	0.927	0.9271	0.9282	0.9301	0.935	0.9278	0.9274	0.9271	0.9322	0.9281	0.9287	0.927	0.9271	0.9264	0.9305	0.9267	0.9291	0.9279	0.9273	0.9269	0.9272	0.9276	0.9279	0.9291	0.9394	0.9281	0.9277	0.9279	0	0.9274	0.9291	0.927	0.9252	0.9272	0.9268	0.9267	0.9275	0.929	0.9283	0.9268
  e	0.9277	0.9274	0.9306	0.9283	0.9276	0.9275	1.2908	1.876	0.9277	0.9291	0.9317	1.2989	0.9288	0.9283	0.9277	0.9336	0.9289	0.9331	0.9278	0.9278	1.4034	0.9349	0.9274	0.9316	1.0615	0.9283	0.9279	0.9283	0.928	0.9296	1.4028	0.9423	0.9294	0.9287	0.929	0.9274	0	1.0993	1.2081	0.9268	1.3938	0.9275	0.9274	1.213	0.9305	0.9301	0.9275
  f	1.2492	0.9296	1.896	1.407	0.9293	0.9292	0.9656	0.9297	0.9346	0.9314	1.0219	2.5312	1.255	0.9608	0.9314	0.9469	0.9307	0.9317	1.4011	0.9296	0.9285	6.2791	0.9291	2.4333	1.8251	1.4811	0.9305	0.93	0.959	0.933	1.1249	2.3058	1.5747	1.5953	1.5435	0.9291	1.0993	0	0.9303	3.3221	0.93	1.0194	0.9291	0.9309	1.5666	1.2184	1.1424
  g	0.9272	0.9292	0.9704	0.9277	0.9272	0.927	0.9354	1.2652	0.9516	0.9285	0.9305	0.9358	0.9281	0.9283	0.9277	0.9325	0.9284	0.929	0.9273	0.9274	0.9276	1.373	0.927	0.9295	0.9287	0.9276	0.9272	0.9275	0.9281	0.9283	0.9295	0.9416	0.9284	0.9281	0.9287	0.927	1.2081	0.9303	0	0.9569	0.9291	0.9271	0.927	0.9294	0.9296	0.93	0.9272
  h	0.926	0.9274	1.5005	0.9708	0.9254	0.9253	1.0512	0.9256	3.3893	0.9267	0.9355	0.9424	6.843	1.3263	1.1375	0.9329	0.9266	0.9274	0.9263	0.9255	8.4737	1.6038	0.9252	0.9418	1.1742	0.9321	0.9258	0.9258	12.7002	0.9284	2.366	1.2289	5.4753	1.2845	1.0021	0.9252	0.9268	3.3221	0.9569	0	0.9273	0.9259	0.9252	0.9266	0.9966	1.0915	0.9265
  i	0.9274	0.9272	0.9293	0.9279	0.9273	0.9272	1.3305	0.9377	0.9274	0.9288	1.0298	0.9362	0.9285	0.9281	0.9275	0.9329	0.9286	0.9293	0.9274	0.9276	0.9408	0.9316	0.9272	0.93	0.9285	0.9279	0.9273	0.9279	0.9279	0.9288	0.93	0.9407	1.1821	0.9284	0.9285	0.9272	1.3938	0.93	0.9291	0.9273	0	0.9273	0.9272	0.9347	0.9298	0.929	0.9273
  j	0.9271	0.9269	0.9296	0.9275	0.927	0.9269	0.9321	0.9271	0.9272	0.9284	0.9303	0.9358	0.9279	0.9276	0.9272	0.9326	0.9283	0.929	0.9271	0.9272	0.9265	0.9325	0.9268	0.9298	0.9324	0.9275	0.927	0.9273	0.9279	0.9282	0.9298	1.4147	0.9286	0.9279	1.2656	0.9268	0.9275	1.0194	0.9271	0.9259	0.9273	0	0.9268	0.9276	1.06	0.9286	0.927
  k	0.9269	0.9268	0.9286	0.9273	0.9269	0.9267	0.9313	0.927	0.9271	0.9282	0.9301	0.935	0.9278	0.9274	0.9271	0.9322	0.9281	0.9287	0.927	0.9271	0.9264	0.9305	0.9267	0.9291	0.9279	0.9273	0.9269	0.9272	0.9276	0.9279	0.9291	0.9394	0.9281	0.9277	0.9279	0.9267	0.9274	0.9291	0.927	0.9252	0.9272	0.9268	0	0.9275	0.929	0.9283	0.9268
  l	0.9277	0.9275	0.93	0.9284	0.9277	0.9275	1.4259	0.9394	0.9277	0.9293	1.4005	0.9385	0.9461	0.9748	0.9279	0.9335	0.929	0.9299	0.9279	0.9362	0.9303	0.9336	0.9275	1.3445	0.9289	0.9285	0.9277	0.9285	0.9281	1.408	0.9321	0.9437	0.9299	0.9288	0.9289	0.9275	1.213	0.9309	0.9294	0.9266	0.9347	0.9276	0.9275	0	0.9302	1.132	0.9276
  m	0.9295	0.9292	1.8805	0.9503	0.9292	0.9292	1.0163	0.9293	0.9311	0.9307	0.9338	1.0231	0.9317	0.93	0.9295	0.9356	0.9305	0.9318	0.93	0.9295	0.9291	1.3078	0.929	0.9815	1.3642	0.9307	0.9296	0.9297	0.9321	0.939	1.0242	1.0905	1.1492	0.9309	2.7156	0.929	0.9305	1.5666	0.9296	0.9966	0.9298	1.06	0.929	0.9302	0	0.9333	0.9298
  n	0.9286	0.9286	0.9416	0.9299	0.9284	0.9283	1.34	0.9286	0.9372	0.93	1.412	0.9419	0.9672	0.9599	1.0441	0.9346	0.9298	0.9309	1.315	0.9287	0.9291	3.5139	0.9283	1.1818	1.0839	0.9298	0.9285	0.929	0.9333	0.9919	0.9365	2.1942	0.9319	0.9302	0.9357	0.9283	0.9301	1.2184	0.93	1.0915	0.929	0.9286	0.9283	1.132	0.9333	0	0.9293
  o	0.9271	0.927	0.9292	0.9276	0.927	0.9269	0.9321	0.9271	0.9274	0.9283	0.9304	0.9363	0.9279	0.9276	0.9273	0.9325	0.9283	0.9289	0.9273	0.9272	0.9265	1.8967	0.9268	0.9331	0.9294	0.9276	0.927	0.9273	0.928	0.9283	0.9297	1.3348	0.9283	0.9281	0.9284	0.9268	0.9275	1.1424	0.9272	0.9265	0.9273	0.927	0.9268	0.9276	0.9298	0.9293	0

Actual rates from j->i (Q_ij):
	A	B	C	D	E	F	G	H	I	J	K	L	M	N	O	P	Q	R	S	T	U	V	W	X	Y	Z	[	\	]	^	_	`	a	b	c	d	e	f	g	h	i	j	k	l	m	n	o
  A	0	0.0219	0.0219	0.022	0.0219	0.0219	0.022	0.0219	0.0219	0.0219	0.022	0.0221	0.0219	0.0219	0.0219	0.022	0.0219	0.0219	0.0219	0.0219	0.0219	0.0221	0.0219	0.0219	0.0219	0.0219	0.0219	0.0219	0.0219	0.0219	0.0219	0.0222	0.0219	0.0304	0.0219	0.0219	0.0219	0.0295	0.0219	0.0218	0.0219	0.0219	0.0219	0.0219	0.0219	0.0219	0.0219
  B	0.021	0	0.0213	0.021	0.021	0.021	0.0211	0.021	0.0217	0.021	0.0211	0.0212	0.021	0.021	0.021	0.0211	0.021	0.021	0.021	0.021	0.021	0.0313	0.021	0.0211	0.0211	0.021	0.021	0.021	0.021	0.021	0.0211	0.0213	0.021	0.021	0.021	0.021	0.021	0.0211	0.0211	0.021	0.021	0.021	0.021	0.021	0.0211	0.021	0.021
  C	0.0193	0.0195	0	0.0214	0.0193	0.0193	0.0237	0.0193	0.0304	0.0194	0.0194	0.026	0.0194	0.0194	0.0193	0.0194	0.0193	0.0194	0.0193	0.0193	0.0193	0.0416	0.0193	0.0274	0.0252	0.0193	0.0193	0.0193	0.0228	0.0194	0.0204	0.0215	0.0194	0.0193	0.0561	0.0193	0.0193	0.0394	0.0202	0.0312	0.0193	0.0193	0.0193	0.0193	0.0391	0.0196	0.0193
  D	0.0214	0.0213	0.0236	0	0.0213	0.0213	0.0305	0.0213	0.0213	0.0213	0.0214	0.0215	0.0213	0.0213	0.0213	0.0214	0.0213	0.0213	0.0219	0.0213	0.0213	0.0256	0.0213	0.0213	0.0213	0.0213	0.0213	0.0213	0.0213	0.0213	0.0213	0.0306	0.0213	0.0224	0.0218	0.0213	0.0213	0.0323	0.0213	0.0223	0.0213	0.0213	0.0213	0.0213	0.0218	0.0213	0.0213
  E	0.0219	0.0219	0.0219	0.0219	0	0.0219	0.022	0.0219	0.0219	0.0219	0.0219	0.0221	0.0219	0.0219	0.0219	0.029	0.0219	0.0219	0.0219	0.0298	0.0218	0.0219	0.0219	0.0219	0.0219	0.0219	0.0219	0.0219	0.0219	0.0219	0.0219	0.0222	0.0219	0.0219	0.0219	0.0219	0.0219	0.0219	0.0219	0.0218	0.0219	0.0219	0.0219	0.0219	0.0219	0.0219	0.0219
  F	0.0219	0.0219	0.0219	0.0219	0.0219	0	0.022	0.0219	0.0219	0.0219	0.0219	0.0221	0.0219	0.0219	0.0219	0.022	0.0219	0.0219	0.0219	0.0219	0.0218	0.0219	0.0219	0.0219	0.0219	0.0219	0.022	0.0219	0.0219	0.0219	0.0334	0.0222	0.0219	0.0219	0.0219	0.0219	0.0219	0.0219	0.0219	0.0218	0.0219	0.0219	0.0219	0.0219	0.0219	0.0219	0.0219
  G	0.0194	0.0194	0.0237	0.0277	0.0194	0.0194	0	0.0199	0.0194	0.0194	0.0246	0.0314	0.0274	0.0201	0.0194	0.0195	0.0194	0.0236	0.0194	0.0194	0.0295	0.0349	0.0194	0.0267	0.0195	0.0201	0.0194	0.0242	0.0195	0.0346	0.0327	0.0511	0.0369	0.0194	0.0207	0.0194	0.0268	0.0201	0.0195	0.0219	0.0277	0.0194	0.0194	0.0297	0.0211	0.0279	0.0194
  H	0.0223	0.0223	0.0224	0.0223	0.0223	0.0223	0.0231	0	0.0223	0.0224	0.0224	0.0225	0.0223	0.0223	0.0223	0.0225	0.0224	0.0224	0.0223	0.0223	0.0224	0.0224	0.0223	0.0224	0.0224	0.0223	0.0223	0.0223	0.0223	0.0223	0.0224	0.0226	0.0224	0.0223	0.0223	0.0223	0.0452	0.0224	0.0305	0.0223	0.0226	0.0223	0.0223	0.0226	0.0224	0.0224	0.0223
  I	0.0159	0.0164	0.0251	0.0159	0.0159	0.0159	0.016	0.0159	0	0.0159	0.0159	0.016	0.016	0.0164	0.016	0.016	0.0159	0.0159	0.0159	0.0159	0.019	0.0339	0.0159	0.0159	0.0215	0.0159	0.0159	0.0159	0.0337	0.0159	0.0159	0.0242	0.0159	0.0159	0.0159	0.0159	0.0159	0.016	0.0163	0.0581	0.0159	0.0159	0.0159	0.0159	0.016	0.0161	0.0159
  J	0.0219	0.0219	0.022	0.0219	0.0219	0.0219	0.0221	0.0219	0.0219	0	0.0319	0.0288	0.022	0.022	0.0219	0.0222	0.022	0.022	0.0219	0.0219	0.0219	0.0221	0.0219	0.022	0.022	0.022	0.0219	0.022	0.0219	0.022	0.022	0.0223	0.022	0.022	0.022	0.0219	0.022	0.022	0.0219	0.0219	0.022	0.0219	0.0219	0.022	0.022	0.022	0.0219
  K	0.0221	0.022	0.0221	0.0221	0.022	0.022	0.028	0.022	0.022	0.032	0	0.0329	0.0326	0.0335	0.022	0.0224	0.0221	0.0222	0.0221	0.0221	0.022	0.0353	0.022	0.0345	0.0221	0.0223	0.0221	0.0221	0.022	0.0221	0.023	0.0226	0.043	0.0273	0.0221	0.022	0.0221	0.0242	0.022	0.0222	0.0244	0.022	0.022	0.0332	0.0221	0.0335	0.022
  L	0.0196	0.0196	0.0262	0.0196	0.0196	0.0196	0.0317	0.0196	0.0196	0.0255	0.0291	0	0.0235	0.0203	0.0196	0.0205	0.0198	0.0199	0.0196	0.0198	0.0196	0.0735	0.0196	0.0356	0.0294	0.0203	0.0297	0.0237	0.0196	0.023	0.0253	0.0363	0.0204	0.0197	0.0197	0.0196	0.0272	0.0531	0.0196	0.0198	0.0196	0.0196	0.0196	0.0197	0.0215	0.0198	0.0196
  M	0.0127	0.0127	0.0128	0.0127	0.0127	0.0127	0.0181	0.0127	0.0128	0.0127	0.0188	0.0154	0	0.0151	0.0127	0.0132	0.0127	0.0127	0.0127	0.0127	0.0127	0.0195	0.0127	0.0209	0.0127	0.0152	0.0128	0.0127	0.019	0.0127	0.0201	0.0193	0.0164	0.0127	0.0127	0.0127	0.0127	0.0172	0.0127	0.0937	0.0127	0.0127	0.0127	0.013	0.0128	0.0132	0.0127
  N	0.0209	0.0209	0.021	0.0209	0.0209	0.0209	0.0217	0.0209	0.0216	0.0209	0.0318	0.0218	0.0248	0	0.021	0.0211	0.0209	0.021	0.0209	0.0209	0.0209	0.0231	0.0209	0.0222	0.0211	0.0301	0.0209	0.0209	0.021	0.0209	0.0227	0.0215	0.0222	0.0209	0.0209	0.0209	0.0209	0.0217	0.0209	0.0299	0.0209	0.0209	0.0209	0.022	0.021	0.0216	0.0209
  O	0.0208	0.0208	0.0209	0.0209	0.0208	0.0208	0.021	0.0208	0.021	0.0209	0.0209	0.021	0.0209	0.0209	0	0.021	0.0209	0.0209	0.0208	0.0208	0.0209	0.0223	0.0208	0.0209	0.0209	0.0209	0.0208	0.0208	0.0209	0.0209	0.0209	0.024	0.0209	0.0209	0.0209	0.0208	0.0209	0.0209	0.0208	0.0256	0.0208	0.0208	0.0208	0.0209	0.0209	0.0235	0.0208
  P	0.0224	0.0224	0.0225	0.0224	0.0296	0.0224	0.0226	0.0224	0.0224	0.0226	0.0227	0.0235	0.0232	0.0225	0.0224	0	0.0298	0.0396	0.0224	0.0534	0.0224	0.0234	0.0224	0.0226	0.0225	0.0241	0.0308	0.0224	0.0224	0.0225	0.0429	0.023	0.0225	0.0224	0.0225	0.0224	0.0225	0.0228	0.0224	0.0224	0.0224	0.0224	0.0224	0.0224	0.0225	0.0225	0.0224
  Q	0.0219	0.0219	0.022	0.0219	0.022	0.0219	0.022	0.0219	0.0219	0.022	0.0221	0.0223	0.0219	0.0219	0.0219	0.0292	0	0.0334	0.0219	0.022	0.0219	0.022	0.0219	0.022	0.022	0.0219	0.0219	0.0219	0.0219	0.022	0.022	0.0223	0.022	0.022	0.022	0.0219	0.0219	0.022	0.0219	0.0219	0.0219	0.0219	0.0219	0.0219	0.022	0.022	0.0219
  R	0.0224	0.0224	0.0224	0.0224	0.0224	0.0224	0.0274	0.0224	0.0224	0.0224	0.0225	0.0228	0.0224	0.0224	0.0224	0.0397	0.0341	0	0.0224	0.0299	0.0223	0.0225	0.0224	0.0225	0.0224	0.0224	0.0224	0.0224	0.0224	0.0224	0.0339	0.0298	0.0224	0.0224	0.0224	0.0224	0.0225	0.0224	0.0224	0.0223	0.0224	0.0224	0.0224	0.0224	0.0224	0.0224	0.0224
  S	0.0216	0.0216	0.0216	0.0222	0.0216	0.0216	0.0217	0.0216	0.0216	0.0216	0.0216	0.0218	0.0216	0.0216	0.0216	0.0217	0.0216	0.0216	0	0.0216	0.0215	0.0258	0.0216	0.0216	0.024	0.0216	0.0216	0.0216	0.0216	0.0216	0.0216	0.0328	0.0216	0.0221	0.0216	0.0216	0.0216	0.0326	0.0216	0.0215	0.0216	0.0216	0.0216	0.0216	0.0216	0.0306	0.0216
  T	0.0229	0.0229	0.0229	0.0229	0.0312	0.0229	0.023	0.0229	0.0229	0.0229	0.023	0.0233	0.0229	0.0229	0.0229	0.0547	0.023	0.0307	0.0229	0	0.0229	0.023	0.0229	0.0229	0.0229	0.0229	0.0346	0.0229	0.0229	0.0348	0.023	0.0232	0.0229	0.0229	0.0229	0.0229	0.0229	0.0229	0.0229	0.0228	0.0229	0.0229	0.0229	0.0231	0.0229	0.0229	0.0229
  U	0.0113	0.0113	0.0114	0.0114	0.0113	0.0113	0.0174	0.0114	0.0136	0.0114	0.0114	0.0114	0.0114	0.0114	0.0114	0.0114	0.0114	0.0114	0.0113	0.0114	0	0.0114	0.0113	0.0114	0.0114	0.0114	0.0113	0.0114	0.0149	0.0171	0.0114	0.0115	0.0128	0.0127	0.0114	0.0113	0.0172	0.0114	0.0114	0.1038	0.0115	0.0113	0.0113	0.0114	0.0114	0.0114	0.0113
  V	0.0141	0.0207	0.03	0.0168	0.014	0.014	0.0251	0.014	0.0297	0.014	0.0223	0.0525	0.0213	0.0154	0.0148	0.0146	0.014	0.014	0.0166	0.014	0.014	0	0.014	0.0243	0.0425	0.0144	0.014	0.014	0.0213	0.0167	0.0217	0.1602	0.0148	0.0174	0.0287	0.014	0.014	0.0941	0.0206	0.024	0.014	0.014	0.014	0.014	0.0196	0.0527	0.0284
  W	0.0216	0.0216	0.0216	0.0216	0.0216	0.0216	0.0217	0.0216	0.0216	0.0216	0.0217	0.0218	0.0216	0.0216	0.0216	0.0217	0.0216	0.0216	0.0216	0.0216	0.0216	0.0217	0	0.0216	0.0216	0.0216	0.0216	0.0216	0.0216	0.0216	0.0216	0.0219	0.0216	0.0216	0.0216	0.0216	0.0216	0.0217	0.0216	0.0216	0.0216	0.0216	0.0216	0.0216	0.0216	0.0216	0.0216
  X	0.0212	0.0212	0.0301	0.0212	0.0212	0.0212	0.0293	0.0212	0.0212	0.0212	0.0331	0.0387	0.0348	0.0224	0.0212	0.0214	0.0212	0.0212	0.0212	0.0212	0.0211	0.0369	0.0212	0	0.0216	0.0216	0.0212	0.0212	0.0214	0.0216	0.0335	0.0435	0.0216	0.0212	0.0215	0.0212	0.0212	0.0554	0.0212	0.0215	0.0212	0.0212	0.0212	0.0306	0.0224	0.0269	0.0213
  Y	0.0197	0.0197	0.0257	0.0197	0.0197	0.0197	0.0199	0.0197	0.0267	0.0197	0.0198	0.0298	0.0197	0.0199	0.0197	0.0198	0.0197	0.0197	0.0219	0.0197	0.0197	0.0602	0.0197	0.0201	0	0.0197	0.0197	0.0197	0.0197	0.0197	0.0199	0.0204	0.0204	0.0197	0.0301	0.0197	0.0225	0.0387	0.0197	0.0249	0.0197	0.0198	0.0197	0.0197	0.0289	0.023	0.0197
  Z	0.022	0.022	0.022	0.022	0.022	0.022	0.0229	0.022	0.022	0.022	0.0223	0.023	0.0263	0.0316	0.022	0.0237	0.022	0.022	0.022	0.022	0.022	0.0227	0.022	0.0224	0.022	0	0.0221	0.022	0.022	0.022	0.0354	0.0334	0.0235	0.022	0.022	0.022	0.022	0.0351	0.022	0.0221	0.022	0.022	0.022	0.022	0.022	0.022	0.022
  [	0.0218	0.0218	0.0218	0.0218	0.0218	0.022	0.0219	0.0218	0.0218	0.0218	0.0219	0.0333	0.0219	0.0218	0.0218	0.0301	0.0218	0.0219	0.0218	0.0329	0.0218	0.0219	0.0218	0.0219	0.0218	0.022	0	0.0218	0.0218	0.0218	0.0407	0.0221	0.0218	0.0218	0.0218	0.0218	0.0218	0.0219	0.0218	0.0218	0.0218	0.0218	0.0218	0.0218	0.0219	0.0218	0.0218
  \	0.0218	0.0218	0.0218	0.0218	0.0218	0.0218	0.0273	0.0218	0.0218	0.0218	0.0219	0.0265	0.0218	0.0218	0.0218	0.0219	0.0218	0.0218	0.0218	0.0218	0.0218	0.0219	0.0218	0.0219	0.0218	0.0218	0.0218	0	0.0218	0.0294	0.0219	0.0221	0.0218	0.0218	0.0218	0.0218	0.0218	0.0219	0.0218	0.0218	0.0218	0.0218	0.0218	0.0218	0.0219	0.0218	0.0218
  ]	0.0091	0.0091	0.0108	0.0091	0.0091	0.0091	0.0092	0.0091	0.0192	0.0091	0.0091	0.0091	0.0135	0.0091	0.0091	0.0091	0.0091	0.0091	0.0091	0.0091	0.0119	0.0139	0.0091	0.0092	0.0091	0.0091	0.0091	0.0091	0	0.0091	0.0092	0.0114	0.0092	0.0092	0.0091	0.0091	0.0091	0.0094	0.0091	0.1242	0.0091	0.0091	0.0091	0.0091	0.0091	0.0091	0.0091
  ^	0.0216	0.0216	0.0218	0.0217	0.0216	0.0216	0.0388	0.0216	0.0216	0.0217	0.0217	0.0256	0.0217	0.0217	0.0216	0.0218	0.0217	0.0217	0.0216	0.0329	0.0326	0.026	0.0216	0.0221	0.0217	0.0217	0.0217	0.0292	0.0217	0	0.033	0.0307	0.0217	0.0217	0.0217	0.0216	0.0217	0.0218	0.0216	0.0216	0.0217	0.0216	0.0216	0.0328	0.0219	0.0231	0.0216
  _	0.0172	0.0172	0.0182	0.0172	0.0172	0.0262	0.0291	0.0172	0.0172	0.0172	0.018	0.0224	0.0271	0.0186	0.0172	0.033	0.0173	0.026	0.0172	0.0173	0.0172	0.0268	0.0172	0.0272	0.0174	0.0276	0.032	0.0172	0.0174	0.0262	0	0.0215	0.0199	0.0172	0.0176	0.0172	0.026	0.0208	0.0172	0.0438	0.0172	0.0172	0.0172	0.0173	0.019	0.0173	0.0172
  `	0.0127	0.0127	0.014	0.018	0.0127	0.0127	0.0332	0.0127	0.0191	0.0128	0.0129	0.0234	0.019	0.0129	0.0144	0.0129	0.0127	0.0167	0.019	0.0127	0.0127	0.1443	0.0127	0.0258	0.013	0.019	0.0127	0.0127	0.0158	0.0178	0.0157	0	0.0127	0.0127	0.0132	0.0127	0.0127	0.0311	0.0127	0.0166	0.0127	0.0191	0.0127	0.0127	0.0147	0.0296	0.018
  a	0.0142	0.0142	0.0143	0.0142	0.0142	0.0142	0.0272	0.0142	0.0142	0.0142	0.0278	0.0149	0.0183	0.0151	0.0142	0.0143	0.0142	0.0142	0.0142	0.0142	0.0161	0.0151	0.0142	0.0145	0.0147	0.0152	0.0142	0.0142	0.0144	0.0142	0.0164	0.0144	0	0.0165	0.0148	0.0142	0.0142	0.0241	0.0142	0.0838	0.0181	0.0142	0.0142	0.0142	0.0176	0.0143	0.0142
  b	0.0285	0.0205	0.0205	0.0216	0.0205	0.0205	0.0206	0.0205	0.0205	0.0205	0.0255	0.0207	0.0205	0.0205	0.0205	0.0206	0.0205	0.0205	0.021	0.0205	0.0229	0.0257	0.0205	0.0206	0.0205	0.0205	0.0205	0.0205	0.0208	0.0205	0.0205	0.0208	0.0238	0	0.0205	0.0205	0.0205	0.0352	0.0205	0.0284	0.0205	0.0205	0.0205	0.0205	0.0206	0.0205	0.0205
  c	0.0202	0.0202	0.0588	0.0207	0.0202	0.0202	0.0217	0.0202	0.0203	0.0202	0.0203	0.0205	0.0203	0.0202	0.0202	0.0203	0.0202	0.0203	0.0202	0.0202	0.0202	0.0418	0.0202	0.0205	0.0309	0.0202	0.0202	0.0202	0.0203	0.0203	0.0208	0.0214	0.0211	0.0203	0	0.0202	0.0202	0.0336	0.0202	0.0218	0.0202	0.0276	0.0202	0.0202	0.0592	0.0204	0.0202
  d	0.0216	0.0216	0.0216	0.0216	0.0216	0.0216	0.0217	0.0216	0.0216	0.0216	0.0217	0.0218	0.0216	0.0216	0.0216	0.0217	0.0216	0.0216	0.0216	0.0216	0.0216	0.0217	0.0216	0.0216	0.0216	0.0216	0.0216	0.0216	0.0216	0.0216	0.0216	0.0219	0.0216	0.0216	0.0216	0	0.0216	0.0217	0.0216	0.0216	0.0216	0.0216	0.0216	0.0216	0.0216	0.0216	0.0216
  e	0.0223	0.0223	0.0224	0.0223	0.0223	0.0223	0.0311	0.0451	0.0223	0.0224	0.0224	0.0313	0.0224	0.0223	0.0223	0.0225	0.0224	0.0225	0.0223	0.0223	0.0338	0.0225	0.0223	0.0224	0.0255	0.0223	0.0223	0.0223	0.0223	0.0224	0.0338	0.0227	0.0224	0.0223	0.0224	0.0223	0	0.0265	0.0291	0.0223	0.0335	0.0223	0.0223	0.0292	0.0224	0.0224	0.0223
  f	0.0192	0.0143	0.0292	0.0217	0.0143	0.0143	0.0149	0.0143	0.0144	0.0144	0.0157	0.039	0.0193	0.0148	0.0144	0.0146	0.0143	0.0144	0.0216	0.0143	0.0143	0.0967	0.0143	0.0375	0.0281	0.0228	0.0143	0.0143	0.0148	0.0144	0.0173	0.0355	0.0243	0.0246	0.0238	0.0143	0.0169	0	0.0143	0.0512	0.0143	0.0157	0.0143	0.0143	0.0241	0.0188	0.0176
  g	0.0213	0.0213	0.0223	0.0213	0.0213	0.0213	0.0215	0.0291	0.0219	0.0213	0.0214	0.0215	0.0213	0.0213	0.0213	0.0214	0.0213	0.0213	0.0213	0.0213	0.0213	0.0315	0.0213	0.0213	0.0213	0.0213	0.0213	0.0213	0.0213	0.0213	0.0213	0.0216	0.0213	0.0213	0.0213	0.0213	0.0277	0.0214	0	0.022	0.0213	0.0213	0.0213	0.0213	0.0213	0.0214	0.0213
  h	0.0175	0.0175	0.0283	0.0183	0.0175	0.0175	0.0198	0.0175	0.064	0.0175	0.0177	0.0178	0.1292	0.025	0.0215	0.0176	0.0175	0.0175	0.0175	0.0175	0.16	0.0303	0.0175	0.0178	0.0222	0.0176	0.0175	0.0175	0.2397	0.0175	0.0447	0.0232	0.1034	0.0242	0.0189	0.0175	0.0175	0.0627	0.0181	0	0.0175	0.0175	0.0175	0.0175	0.0188	0.0206	0.0175
  i	0.0221	0.0221	0.0222	0.0221	0.0221	0.0221	0.0317	0.0224	0.0221	0.0222	0.0246	0.0223	0.0221	0.0221	0.0221	0.0222	0.0221	0.0222	0.0221	0.0221	0.0224	0.0222	0.0221	0.0222	0.0221	0.0221	0.0221	0.0221	0.0221	0.0222	0.0222	0.0224	0.0282	0.0221	0.0221	0.0221	0.0332	0.0222	0.0222	0.0221	0	0.0221	0.0221	0.0223	0.0222	0.0222	0.0221
  j	0.0217	0.0217	0.0217	0.0217	0.0217	0.0217	0.0218	0.0217	0.0217	0.0217	0.0218	0.0219	0.0217	0.0217	0.0217	0.0218	0.0217	0.0217	0.0217	0.0217	0.0217	0.0218	0.0217	0.0217	0.0218	0.0217	0.0217	0.0217	0.0217	0.0217	0.0217	0.0331	0.0217	0.0217	0.0296	0.0217	0.0217	0.0238	0.0217	0.0216	0.0217	0	0.0217	0.0217	0.0248	0.0217	0.0217
  k	0.0216	0.0216	0.0216	0.0216	0.0216	0.0216	0.0217	0.0216	0.0216	0.0216	0.0217	0.0218	0.0216	0.0216	0.0216	0.0217	0.0216	0.0216	0.0216	0.0216	0.0216	0.0217	0.0216	0.0216	0.0216	0.0216	0.0216	0.0216	0.0216	0.0216	0.0216	0.0219	0.0216	0.0216	0.0216	0.0216	0.0216	0.0217	0.0216	0.0216	0.0216	0.0216	0	0.0216	0.0216	0.0216	0.0216
  l	0.0227	0.0227	0.0228	0.0227	0.0227	0.0227	0.0349	0.023	0.0227	0.0228	0.0343	0.023	0.0232	0.0239	0.0227	0.0229	0.0228	0.0228	0.0227	0.0229	0.0228	0.0229	0.0227	0.0329	0.0228	0.0227	0.0227	0.0227	0.0227	0.0345	0.0228	0.0231	0.0228	0.0228	0.0228	0.0227	0.0297	0.0228	0.0228	0.0227	0.0229	0.0227	0.0227	0	0.0228	0.0277	0.0227
  m	0.0217	0.0217	0.044	0.0222	0.0217	0.0217	0.0238	0.0217	0.0218	0.0218	0.0218	0.0239	0.0218	0.0217	0.0217	0.0219	0.0218	0.0218	0.0217	0.0217	0.0217	0.0306	0.0217	0.0229	0.0319	0.0218	0.0217	0.0217	0.0218	0.022	0.0239	0.0255	0.0269	0.0218	0.0635	0.0217	0.0218	0.0366	0.0217	0.0233	0.0217	0.0248	0.0217	0.0217	0	0.0218	0.0217
  n	0.0185	0.0185	0.0187	0.0185	0.0185	0.0185	0.0266	0.0185	0.0186	0.0185	0.0281	0.0187	0.0192	0.0191	0.0208	0.0186	0.0185	0.0185	0.0261	0.0185	0.0185	0.0698	0.0185	0.0235	0.0215	0.0185	0.0185	0.0185	0.0186	0.0197	0.0186	0.0436	0.0185	0.0185	0.0186	0.0185	0.0185	0.0242	0.0185	0.0217	0.0185	0.0185	0.0185	0.0225	0.0186	0	0.0185
  o	0.0202	0.0202	0.0202	0.0202	0.0202	0.0202	0.0203	0.0202	0.0202	0.0202	0.0202	0.0204	0.0202	0.0202	0.0202	0.0203	0.0202	0.0202	0.0202	0.0202	0.0202	0.0413	0.0202	0.0203	0.0202	0.0202	0.0202	0.0202	0.0202	0.0202	0.0202	0.029	0.0202	0.0202	0.0202	0.0202	0.0202	0.0248	0.0202	0.0202	0.0202	0.0202	0.0202	0.0202	0.0202	0.0202	0

