Character to attribute mapping:
  G: ?
  A: cattle
  B: domestic-mammal
  C: human
  D: mammal
  E: poultry
  F: wild-bird


Substitution rate (mu): 84.576782

Equilibrium frequencies (pi_i):
  A: 0.0877
  B: 0.2138
  C: 0.1686
  D: 0.1958
  E: 0.1222
  F: 0.2119

Symmetrized rates from j->i (W_ij):
	A	B	C	D	E	F
  A	0	1.2544	0.3019	0.3122	1.2506	0.7983
  B	1.2544	0	0.2073	0.2407	0.4523	0.3475
  C	0.3019	0.2073	0	0.2075	0.2027	0.1994
  D	0.3122	0.2407	0.2075	0	0.5546	1.6486
  E	1.2506	0.4523	0.2027	0.5546	0	11.3325
  F	0.7983	0.3475	0.1994	1.6486	11.3325	0

Actual rates from j->i (Q_ij):
	A	B	C	D	E	F
  A	0	0.11	0.0265	0.0274	0.1097	0.07
  B	0.2682	0	0.0443	0.0515	0.0967	0.0743
  C	0.0509	0.035	0	0.035	0.0342	0.0336
  D	0.0611	0.0471	0.0406	0	0.1086	0.3227
  E	0.1529	0.0553	0.0248	0.0678	0	1.3852
  F	0.1691	0.0736	0.0422	0.3493	2.4011	0

