Character to attribute mapping:
  p: ?
  A: Arizona
  B: Arkansas
  C: California
  D: Colorado
  E: Connecticut
  F: Delaware
  G: Florida
  H: Georgia
  I: Idaho
  J: Illinois
  K: Indiana
  L: Iowa
  M: Kansas
  N: Kentucky
  O: Louisiana
  P: MA
  Q: ME
  R: Maine
  S: Maryland
  T: Massachusetts
  U: Michigan
  V: Minnesota
  W: Mississippi
  X: Missouri
  Y: Montana
  Z: Nebraska
  [: New_Hampshire
  \: New_Jersey
  ]: New_Mexico
  ^: New_York
  _: North_Carolina
  `: North_Dakota
  a: Ohio
  b: Oklahoma
  c: Oregon
  d: Pennsylvania
  e: South_Carolina
  f: South_Dakota
  g: Tennessee
  h: Texas
  i: USA
  j: Utah
  k: Vermont
  l: Virginia
  m: Washington
  n: Wisconsin
  o: Wyoming


Substitution rate (mu): 182.75627

Equilibrium frequencies (pi_i):
  A: 0.0236
  B: 0.023
  C: 0.0176
  D: 0.0203
  E: 0.0237
  F: 0.0236
  G: 0.0188
  H: 0.0241
  I: 0.018
  J: 0.0234
  K: 0.023
  L: 0.0198
  M: 0.0129
  N: 0.0216
  O: 0.0226
  P: 0.0233
  Q: 0.0237
  R: 0.0235
  S: 0.0229
  T: 0.0243
  U: 0.0164
  V: 0.0155
  W: 0.0233
  X: 0.0214
  Y: 0.0209
  Z: 0.0223
  [: 0.0236
  \: 0.0232
  ]: 0.0135
  ^: 0.0228
  _: 0.0187
  `: 0.0143
  a: 0.0224
  b: 0.0237
  c: 0.0226
  d: 0.0233
  e: 0.0239
  f: 0.0126
  g: 0.0234
  h: 0.019
  i: 0.0233
  j: 0.0217
  k: 0.0233
  l: 0.0238
  m: 0.0238
  n: 0.0204
  o: 0.0234

Symmetrized rates from j->i (W_ij):
	A	B	C	D	E	F	G	H	I	J	K	L	M	N	O	P	Q	R	S	T	U	V	W	X	Y	Z	[	\	]	^	_	`	a	b	c	d	e	f	g	h	i	j	k	l	m	n	o
  A	0	0.9294	0.9537	0.9303	0.9291	0.9291	0.9395	0.9294	0.9307	0.9295	0.93	0.9606	0.9292	0.9291	0.9295	0.9301	0.9294	0.9332	0.9294	0.9302	0.9296	0.9405	0.929	0.9309	1.2903	0.9297	0.9295	0.9291	0.9289	0.9306	0.9309	0.9339	0.9301	0.9589	0.9317	0.929	0.9326	0.994	0.9295	0.9288	0.9294	0.9292	0.929	0.9297	0.931	0.9308	0.93
  B	0.9294	0	0.9657	1.2096	0.9292	0.9292	0.9449	0.9295	0.9311	0.9296	0.9301	0.9312	0.93	0.9292	0.9535	0.9302	0.9296	0.9334	0.9295	0.9304	0.9301	1.1301	0.9292	0.931	0.9309	0.9299	0.9297	0.9292	0.9295	0.9308	0.931	0.9344	0.9303	0.9295	0.9316	0.9292	0.9309	0.9348	0.9297	0.9628	0.9295	0.9295	0.9292	0.9298	0.931	0.9312	0.93
  C	0.9537	0.9657	0	1.1143	0.9319	0.9319	1.0766	0.9324	1.678	0.9324	0.9351	1.4266	0.9331	0.9685	0.9435	0.9359	0.9323	0.9477	1.1285	0.9335	0.9342	3.949	0.9318	0.9478	1.6643	0.9332	0.9325	0.9319	1.0775	0.9351	0.9588	0.948	1.6633	0.9831	3.1627	0.9318	0.9627	2.2117	1.1993	1.8111	0.9323	0.9435	0.9318	0.9328	1.3653	1.1106	0.9796
  D	0.9303	1.2096	1.1143	0	0.93	0.93	1.0724	0.9303	0.9339	0.9304	0.9331	0.9333	0.9325	0.9302	1.1975	0.9311	0.9304	0.935	0.9307	0.9313	0.932	2.035	0.93	0.9326	0.9347	0.9309	0.9306	0.9301	0.9318	0.9324	0.9329	0.9383	0.9317	0.9373	0.9345	0.93	0.9319	1.7007	0.9345	1.2525	0.9305	0.9306	0.93	0.9308	0.9334	0.9337	0.9309
  E	0.9291	0.9292	0.9319	0.93	0	0.9289	0.9394	0.9292	0.9304	0.9293	0.9297	0.9306	0.9291	0.9289	0.9294	0.9301	0.9294	0.9331	0.9291	1.4003	0.9295	0.9383	0.9289	0.9306	0.9303	0.9295	0.9295	0.9289	0.9288	0.9306	0.9307	0.9335	0.9299	0.9291	0.9311	0.9289	0.9306	0.9322	0.9293	0.9281	0.9292	0.929	0.9289	0.9295	0.9305	0.9308	0.9297
  F	0.9291	0.9292	0.9319	0.93	0.9289	0	0.9425	0.9292	0.9304	0.9293	0.9298	0.9308	0.9291	0.9289	0.9294	0.93	0.9293	0.933	0.9292	0.9302	0.9295	0.9383	0.9289	0.9308	0.9303	0.9295	0.9295	0.9289	0.9288	0.9305	1.4005	0.9335	0.93	0.9292	0.9312	0.9289	0.9308	0.9411	0.9293	0.9282	0.9292	0.9291	0.9289	0.9296	0.9306	0.9307	0.9299
  G	0.9395	0.9449	1.0766	1.0724	0.9394	0.9425	0	0.9406	0.9456	0.9402	1.2428	1.4276	0.9893	0.9396	0.9409	1.6914	0.9405	1.7804	0.9403	1.1159	1.6868	2.7734	0.9391	2.1199	0.9563	0.9424	1.4597	1.4102	0.9369	2.6851	3.8157	1.7435	1.366	0.9398	1.0236	0.9391	1.1162	1.0093	0.9408	0.9555	1.641	0.9407	0.9391	1.9127	0.959	1.7728	1.0841
  H	0.9294	0.9295	0.9324	0.9303	0.9292	0.9292	0.9406	0	0.9307	0.9297	0.9301	0.9312	0.9293	0.9292	0.9297	0.9302	0.9296	0.9334	0.9295	0.9304	1.0646	0.9387	0.9292	0.9315	0.9309	0.9299	0.9297	0.9292	0.929	0.9309	0.9312	0.9338	0.9315	0.9295	0.9315	0.9292	1.7025	0.9328	1.3845	0.9289	0.9305	0.9294	0.9292	0.9304	0.9309	0.9309	0.9301
  I	0.9307	0.9311	1.678	0.9339	0.9304	0.9304	0.9456	0.9307	0	0.931	0.9318	0.9353	0.9328	0.9595	0.9317	0.9313	0.9308	0.9415	0.9311	0.9316	0.9315	1.3801	0.9304	0.9336	1.1411	0.975	0.9308	0.9304	0.9401	0.9321	0.9374	1.7207	0.932	0.9309	1.0368	0.9304	0.932	0.9651	0.9442	2.9904	0.9307	0.9311	0.9304	0.931	1.0246	1.1028	0.9317
  J	0.9295	0.9296	0.9324	0.9304	0.9293	0.9293	0.9402	0.9297	0.931	0	1.2629	1.1574	0.9295	0.9295	0.9298	0.9303	0.9297	0.9335	0.9297	0.9305	0.9298	0.9421	0.9293	0.9325	0.9311	0.9303	0.9298	0.9293	0.929	0.9308	0.9311	1.1906	0.9305	0.9296	0.9316	0.9293	0.9312	0.934	0.9297	0.9285	0.9296	0.9295	0.9293	0.9299	0.9311	0.9313	0.9304
  K	0.93	0.9301	0.9351	0.9331	0.9297	0.9298	1.2428	0.9301	0.9318	1.2629	0	1.0444	0.9299	0.9313	0.9302	0.931	0.9301	0.9351	0.9307	0.9311	0.9307	1.2168	0.9297	1.2702	0.9348	0.9312	0.9304	0.9298	0.9295	0.9339	0.9329	2.0237	0.932	0.9308	1.1558	0.9297	0.9321	1.5782	0.9302	0.9308	0.9302	0.9303	0.9297	0.9306	0.9331	0.9331	0.931
  L	0.9606	0.9312	1.4266	0.9333	0.9306	0.9308	1.4276	0.9312	0.9353	1.1574	1.0444	0	0.9316	0.9312	0.9313	0.9318	0.931	0.9381	0.9333	0.9323	0.935	3.2848	0.9306	1.6896	1.8813	1.1479	0.9313	0.9306	0.9305	0.9342	1.3837	2.4708	1.023	0.9534	0.9379	0.9306	1.1745	2.0144	0.9314	0.9364	0.9312	0.9339	0.9306	0.9317	1.1126	0.9395	0.9327
  M	0.9292	0.93	0.9331	0.9325	0.9291	0.9291	0.9893	0.9293	0.9328	0.9295	0.9299	0.9316	0	0.9294	0.9312	0.9298	0.9293	0.9337	0.9294	0.9299	0.9438	1.5779	0.9291	0.9316	0.9311	1.3976	0.9294	0.9291	0.9356	0.9305	0.9307	1.9477	0.931	0.9293	0.9315	0.9291	0.9301	1.0352	0.9294	7.4803	0.9293	0.9294	0.9291	0.9295	0.9313	0.9311	0.9297
  N	0.9291	0.9292	0.9685	0.9302	0.9289	0.9289	0.9396	0.9292	0.9595	0.9295	0.9313	0.9312	0.9294	0	0.9295	0.9298	0.9293	0.9335	0.9293	0.93	0.9296	1.0446	0.9289	0.9308	0.9309	0.9299	0.9294	0.9289	0.929	0.9304	0.9306	2.121	0.9299	0.9291	0.9315	0.9289	0.9305	0.9331	0.9293	1.2383	0.9292	0.9292	0.9289	0.9295	0.9308	0.931	0.9297
  O	0.9295	0.9535	0.9435	1.1975	0.9294	0.9294	0.9409	0.9297	0.9317	0.9298	0.9302	0.9313	0.9312	0.9295	0	0.9303	0.9298	0.9335	0.9297	0.9306	0.9308	0.9966	0.9294	0.9311	0.9311	0.9301	0.9299	0.9294	0.9305	0.9309	0.9315	0.9343	0.9306	0.9296	0.9317	0.9294	0.931	0.9364	0.9299	1.1518	0.9297	0.9296	0.9294	0.93	0.9312	0.9312	0.9302
  P	0.9301	0.9302	0.9359	0.9311	0.9301	0.93	1.6914	0.9302	0.9313	0.9303	0.931	0.9318	0.9298	0.9298	0.9303	0	1.0739	1.5978	0.9301	1.378	0.9309	0.9418	0.9299	0.9323	0.9339	0.9305	1.2949	0.93	0.9294	0.9336	1.0708	0.9354	0.9312	0.9302	0.9506	0.9299	0.9319	0.9331	0.9303	0.9294	0.9331	0.93	0.9299	0.9313	0.9351	0.9322	0.9669
  Q	0.9294	0.9296	0.9323	0.9304	0.9294	0.9293	0.9405	0.9296	0.9308	0.9297	0.9301	0.931	0.9293	0.9293	0.9298	1.0739	0	1.4468	0.9295	1.0687	0.9298	0.9391	0.9293	0.931	0.9306	0.9299	0.93	0.9293	0.929	0.9309	0.9311	0.934	0.9302	0.9295	0.9315	0.9293	0.931	0.9325	0.9297	0.9285	0.9296	0.9294	0.9293	0.9299	0.9309	0.931	0.9301
  R	0.9332	0.9334	0.9477	0.935	0.9331	0.933	1.7804	0.9334	0.9415	0.9335	0.9351	0.9381	0.9337	0.9335	0.9335	1.5978	1.4468	0	0.9336	1.0902	0.934	1.0219	0.9329	0.9397	0.9358	0.9347	0.9347	0.9331	0.9325	0.9365	0.9389	1.2415	0.9349	0.9333	0.9376	0.9329	0.935	0.94	0.9336	0.9472	0.9338	0.9339	0.9329	0.9345	0.9359	0.9408	0.9349
  S	0.9294	0.9295	1.1285	0.9307	0.9291	0.9292	0.9403	0.9295	0.9311	0.9297	0.9307	0.9333	0.9294	0.9293	0.9297	0.9301	0.9295	0.9336	0	0.9303	0.9297	1.1103	0.9291	0.9315	0.9375	0.9301	0.9296	0.9291	0.9292	0.9309	0.931	1.292	0.9312	0.9297	0.9325	0.9291	0.931	1.8398	0.9297	0.9297	0.9295	0.993	0.9291	0.9297	0.9319	0.9379	0.9301
  T	0.9302	0.9304	0.9335	0.9313	1.4003	0.9302	1.1159	0.9304	0.9316	0.9305	0.9311	0.9323	0.9299	0.93	0.9306	1.378	1.0687	1.0902	0.9303	0	0.931	1.0095	0.9301	0.9328	0.9317	0.9309	1.3095	0.9301	0.9296	1.438	1.0954	0.9361	0.9314	0.9304	0.9326	0.9301	0.932	0.9342	0.9306	0.9295	0.9306	0.9304	0.9301	0.9338	0.9319	1.0085	0.9312
  U	0.9296	0.9301	0.9342	0.932	0.9295	0.9295	1.6868	1.0646	0.9315	0.9298	0.9307	0.935	0.9438	0.9296	0.9308	0.9309	0.9298	0.934	0.9297	0.931	0	1.0525	0.9295	1.1199	0.9315	0.9302	0.9304	0.9298	1.1425	1.7426	0.9338	0.9366	5.0428	0.9297	0.9321	0.9295	1.268	0.9369	1.0377	3.796	0.9314	0.9298	0.9295	0.9319	0.9314	0.9328	0.9303
  V	0.9405	1.1301	3.949	2.035	0.9383	0.9383	2.7734	0.9387	1.3801	0.9421	1.2168	3.2848	1.5779	1.0446	0.9966	0.9418	0.9391	1.0219	1.1103	1.0095	1.0525	0	0.9379	1.8611	2.3529	1.6002	0.9399	0.9385	1.4101	1.2899	0.9983	8.9118	0.9862	0.9492	1.5467	0.9379	0.9454	7.6345	1.151	1.8687	0.9395	1.8042	0.9379	0.9424	1.1523	2.7691	0.944
  W	0.929	0.9292	0.9318	0.93	0.9289	0.9289	0.9391	0.9292	0.9304	0.9293	0.9297	0.9306	0.9291	0.9289	0.9294	0.9299	0.9293	0.9329	0.9291	0.9301	0.9295	0.9379	0	0.9306	0.9302	0.9295	0.9294	0.9289	0.9288	0.9303	0.9306	0.9334	0.9298	0.9291	0.931	0.9289	0.9306	0.9322	0.9293	0.9281	0.9292	0.929	0.9289	0.9295	0.9305	0.9306	0.9297
  X	0.9309	0.931	0.9478	0.9326	0.9306	0.9308	2.1199	0.9315	0.9336	0.9325	1.2702	1.6896	0.9316	0.9308	0.9311	0.9323	0.931	0.9397	0.9315	0.9328	1.1199	1.8611	0.9306	0	0.9351	1.0731	0.9319	0.9308	0.9302	1.0142	1.0249	3.5474	1.3318	0.9311	0.9343	0.9306	1.1515	1.5645	0.9314	0.9324	0.9323	0.9313	0.9306	0.9334	0.9334	1.208	0.9322
  Y	1.2903	0.9309	1.6643	0.9347	0.9303	0.9303	0.9563	0.9309	1.1411	0.9311	0.9348	1.8813	0.9311	0.9309	0.9311	0.9339	0.9306	0.9358	0.9375	0.9317	0.9315	2.3529	0.9302	0.9351	0	0.9315	0.9308	0.9303	0.9368	0.9327	0.9585	0.9413	0.9399	1.2672	1.2331	0.9302	1.3347	2.6859	0.9313	1.2166	0.9308	0.9448	0.9302	0.9311	1.1358	0.9349	0.9848
  Z	0.9297	0.9299	0.9332	0.9309	0.9295	0.9295	0.9424	0.9299	0.975	0.9303	0.9312	1.1479	1.3976	0.9299	0.9301	0.9305	0.9299	0.9347	0.9301	0.9309	0.9302	1.6002	0.9295	1.0731	0.9315	0	0.93	0.9295	0.9292	0.9315	0.9314	1.7054	0.9309	0.9298	0.932	0.9295	0.9314	0.9356	0.93	0.9295	0.9298	0.93	0.9295	0.9302	0.9315	0.9965	0.9307
  [	0.9295	0.9297	0.9325	0.9306	0.9295	0.9295	1.4597	0.9297	0.9308	0.9298	0.9304	0.9313	0.9294	0.9294	0.9299	1.2949	0.93	0.9347	0.9296	1.3095	0.9304	0.9399	0.9294	0.9319	0.9308	0.93	0	0.9295	0.9291	0.9329	1.1077	0.9343	0.9307	0.9296	0.9318	0.9294	0.9314	0.9327	0.9298	0.9288	0.9324	0.9295	0.9294	0.9307	0.9311	0.9321	0.9306
  \	0.9291	0.9292	0.9319	0.9301	0.9289	0.9289	1.4102	0.9292	0.9304	0.9293	0.9298	0.9306	0.9291	0.9289	0.9294	0.93	0.9293	0.9331	0.9291	0.9301	0.9298	0.9385	0.9289	0.9308	0.9303	0.9295	0.9295	0	0.9288	0.9307	0.9309	0.9336	0.93	0.9291	0.9311	0.9289	0.9307	0.9322	0.9293	0.9282	0.9293	0.929	0.9289	0.9297	0.9305	0.9307	0.9298
  ]	0.9289	0.9295	1.0775	0.9318	0.9288	0.9288	0.9369	0.929	0.9401	0.929	0.9295	0.9305	0.9356	0.929	0.9305	0.9294	0.929	0.9325	0.9292	0.9296	1.1425	1.4101	0.9288	0.9302	0.9368	0.9292	0.9291	0.9288	0	0.9301	0.9397	0.9329	1.2337	1.3966	0.9319	0.9288	0.9301	1.1252	0.9292	6.0351	0.929	0.9298	0.9288	0.9292	1.0169	0.9303	0.9293
  ^	0.9306	0.9308	0.9351	0.9324	0.9306	0.9305	2.6851	0.9309	0.9321	0.9308	0.9339	0.9342	0.9305	0.9304	0.9309	0.9336	0.9309	0.9365	0.9309	1.438	1.7426	1.2899	0.9303	1.0142	0.9327	0.9315	0.9329	0.9307	0.9301	0	1.0472	0.9839	1.0599	0.9307	0.9336	0.9303	0.9337	1.0079	0.9311	0.9317	0.9326	0.9311	0.9303	1.746	0.9325	1.1153	0.932
  _	0.9309	0.931	0.9588	0.9329	0.9307	1.4005	3.8157	0.9312	0.9374	0.9311	0.9329	1.3837	0.9307	0.9306	0.9315	1.0708	0.9311	0.9389	0.931	1.0954	0.9338	0.9983	0.9306	1.0249	0.9585	0.9314	1.1077	0.9309	0.9397	1.0472	0	0.952	1.0105	0.9311	1.0867	0.9306	1.1394	1.929	0.9311	2.3452	0.9339	0.9308	0.9306	1.2183	0.9648	1.052	1.2043
  `	0.9339	0.9344	0.948	0.9383	0.9335	0.9335	1.7435	0.9338	1.7207	1.1906	2.0237	2.4708	1.9477	2.121	0.9343	0.9354	0.934	1.2415	1.292	0.9361	0.9366	8.9118	0.9334	3.5474	0.9413	1.7054	0.9343	0.9336	0.9329	0.9839	0.952	0	1.406	0.9342	0.9407	0.9334	0.9367	2.8145	0.9345	0.9449	0.9341	1.0836	0.9334	0.9349	0.9388	2.2179	1.8748
  a	0.9301	0.9303	1.6633	0.9317	0.9299	0.93	1.366	0.9315	0.932	0.9305	0.932	1.023	0.931	0.9299	0.9306	0.9312	0.9302	0.9349	0.9312	0.9314	5.0428	0.9862	0.9298	1.3318	0.9399	0.9309	0.9307	0.93	1.2337	1.0599	1.0105	1.406	0	0.9305	1.1812	0.9298	1.138	1.0168	0.9314	1.4164	0.9307	0.9302	0.9298	0.9315	0.933	0.9329	0.9312
  b	0.9589	0.9295	0.9831	0.9373	0.9291	0.9292	0.9398	0.9295	0.9309	0.9296	0.9308	0.9534	0.9293	0.9291	0.9296	0.9302	0.9295	0.9333	0.9297	0.9304	0.9297	0.9492	0.9291	0.9311	1.2672	0.9298	0.9296	0.9291	1.3966	0.9307	0.9311	0.9342	0.9305	0	0.9321	0.9291	0.9369	1.5262	0.9296	0.9293	0.9295	0.9294	0.9291	0.9298	0.9316	0.9311	0.9301
  c	0.9317	0.9316	3.1627	0.9345	0.9311	0.9312	1.0236	0.9315	1.0368	0.9316	1.1558	0.9379	0.9315	0.9315	0.9317	0.9506	0.9315	0.9376	0.9325	0.9326	0.9321	1.5467	0.931	0.9343	1.2331	0.932	0.9318	0.9311	0.9319	0.9336	1.0867	0.9407	1.1812	0.9321	0	0.931	0.9336	1.5022	0.9409	1.0162	0.9315	0.9326	0.931	0.9321	1.9805	0.9392	1.2345
  d	0.929	0.9292	0.9318	0.93	0.9289	0.9289	0.9391	0.9292	0.9304	0.9293	0.9297	0.9306	0.9291	0.9289	0.9294	0.9299	0.9293	0.9329	0.9291	0.9301	0.9295	0.9379	0.9289	0.9306	0.9302	0.9295	0.9294	0.9289	0.9288	0.9303	0.9306	0.9334	0.9298	0.9291	0.931	0	0.9306	0.9322	0.9293	0.9281	0.9292	0.929	0.9289	0.9295	0.9305	0.9306	0.9297
  e	0.9326	0.9309	0.9627	0.9319	0.9306	0.9308	1.1162	1.7025	0.932	0.9312	0.9321	1.1745	0.9301	0.9305	0.931	0.9319	0.931	0.935	0.931	0.932	1.268	0.9454	0.9306	1.1515	1.3347	0.9314	0.9314	0.9307	0.9301	0.9337	1.1394	0.9367	1.138	0.9369	0.9336	0.9306	0	1.1429	1.1543	0.932	1.3597	0.9307	0.9306	1.0919	0.9329	0.9328	0.9318
  f	0.994	0.9348	2.2117	1.7007	0.9322	0.9411	1.0093	0.9328	0.9651	0.934	1.5782	2.0144	1.0352	0.9331	0.9364	0.9331	0.9325	0.94	1.8398	0.9342	0.9369	7.6345	0.9322	1.5645	2.6859	0.9356	0.9327	0.9322	1.1252	1.0079	1.929	2.8145	1.0168	1.5262	1.5022	0.9322	1.1429	0	0.9409	5.2378	0.9326	1.3738	0.9322	0.9332	1.6283	1.796	0.9352
  g	0.9295	0.9297	1.1993	0.9345	0.9293	0.9293	0.9408	1.3845	0.9442	0.9297	0.9302	0.9314	0.9294	0.9293	0.9299	0.9303	0.9297	0.9336	0.9297	0.9306	1.0377	1.151	0.9293	0.9314	0.9313	0.93	0.9298	0.9293	0.9292	0.9311	0.9311	0.9345	0.9314	0.9296	0.9409	0.9293	1.1543	0.9409	0	0.9314	0.9303	0.9295	0.9293	0.9302	0.9399	0.938	0.9302
  h	0.9288	0.9628	1.8111	1.2525	0.9281	0.9282	0.9555	0.9289	2.9904	0.9285	0.9308	0.9364	7.4803	1.2383	1.1518	0.9294	0.9285	0.9472	0.9297	0.9295	3.796	1.8687	0.9281	0.9324	1.2166	0.9295	0.9288	0.9282	6.0351	0.9317	2.3452	0.9449	1.4164	0.9293	1.0162	0.9281	0.932	5.2378	0.9314	0	0.9285	0.9304	0.9281	0.9289	1.0956	0.9358	0.9298
  i	0.9294	0.9295	0.9323	0.9305	0.9292	0.9292	1.641	0.9305	0.9307	0.9296	0.9302	0.9312	0.9293	0.9292	0.9297	0.9331	0.9296	0.9338	0.9295	0.9306	0.9314	0.9395	0.9292	0.9323	0.9308	0.9298	0.9324	0.9293	0.929	0.9326	0.9339	0.9341	0.9307	0.9295	0.9315	0.9292	1.3597	0.9326	0.9303	0.9285	0	0.9294	0.9292	1.1193	0.9309	0.9313	0.9303
  j	0.9292	0.9295	0.9435	0.9306	0.929	0.9291	0.9407	0.9294	0.9311	0.9295	0.9303	0.9339	0.9294	0.9292	0.9296	0.93	0.9294	0.9339	0.993	0.9304	0.9298	1.8042	0.929	0.9313	0.9448	0.93	0.9295	0.929	0.9298	0.9311	0.9308	1.0836	0.9302	0.9294	0.9326	0.929	0.9307	1.3738	0.9295	0.9304	0.9294	0	0.929	0.9296	1.41	0.9346	0.93
  k	0.929	0.9292	0.9318	0.93	0.9289	0.9289	0.9391	0.9292	0.9304	0.9293	0.9297	0.9306	0.9291	0.9289	0.9294	0.9299	0.9293	0.9329	0.9291	0.9301	0.9295	0.9379	0.9289	0.9306	0.9302	0.9295	0.9294	0.9289	0.9288	0.9303	0.9306	0.9334	0.9298	0.9291	0.931	0.9289	0.9306	0.9322	0.9293	0.9281	0.9292	0.929	0	0.9295	0.9305	0.9306	0.9297
  l	0.9297	0.9298	0.9328	0.9308	0.9295	0.9296	1.9127	0.9304	0.931	0.9299	0.9306	0.9317	0.9295	0.9295	0.93	0.9313	0.9299	0.9345	0.9297	0.9338	0.9319	0.9424	0.9295	0.9334	0.9311	0.9302	0.9307	0.9297	0.9292	1.746	1.2183	0.9349	0.9315	0.9298	0.9321	0.9295	1.0919	0.9332	0.9302	0.9289	1.1193	0.9296	0.9295	0	0.9313	0.9776	0.9309
  m	0.931	0.931	1.3653	0.9334	0.9305	0.9306	0.959	0.9309	1.0246	0.9311	0.9331	1.1126	0.9313	0.9308	0.9312	0.9351	0.9309	0.9359	0.9319	0.9319	0.9314	1.1523	0.9305	0.9334	1.1358	0.9315	0.9311	0.9305	1.0169	0.9325	0.9648	0.9388	0.933	0.9316	1.9805	0.9305	0.9329	1.6283	0.9399	1.0956	0.9309	1.41	0.9305	0.9313	0	0.9377	0.9974
  n	0.9308	0.9312	1.1106	0.9337	0.9308	0.9307	1.7728	0.9309	1.1028	0.9313	0.9331	0.9395	0.9311	0.931	0.9312	0.9322	0.931	0.9408	0.9379	1.0085	0.9328	2.7691	0.9306	1.208	0.9349	0.9965	0.9321	0.9307	0.9303	1.1153	1.052	2.2179	0.9329	0.9311	0.9392	0.9306	0.9328	1.796	0.938	0.9358	0.9313	0.9346	0.9306	0.9776	0.9377	0	0.9321
  o	0.93	0.93	0.9796	0.9309	0.9297	0.9299	1.0841	0.9301	0.9317	0.9304	0.931	0.9327	0.9297	0.9297	0.9302	0.9669	0.9301	0.9349	0.9301	0.9312	0.9303	0.944	0.9297	0.9322	0.9848	0.9307	0.9306	0.9298	0.9293	0.932	1.2043	1.8748	0.9312	0.9301	1.2345	0.9297	0.9318	0.9352	0.9302	0.9298	0.9303	0.93	0.9297	0.9309	0.9974	0.9321	0

Actual rates from j->i (Q_ij):
	A	B	C	D	E	F	G	H	I	J	K	L	M	N	O	P	Q	R	S	T	U	V	W	X	Y	Z	[	\	]	^	_	`	a	b	c	d	e	f	g	h	i	j	k	l	m	n	o
  A	0	0.0219	0.0225	0.0219	0.0219	0.0219	0.0222	0.0219	0.0219	0.0219	0.0219	0.0227	0.0219	0.0219	0.0219	0.0219	0.0219	0.022	0.0219	0.0219	0.0219	0.0222	0.0219	0.022	0.0304	0.0219	0.0219	0.0219	0.0219	0.0219	0.022	0.022	0.0219	0.0226	0.022	0.0219	0.022	0.0234	0.0219	0.0219	0.0219	0.0219	0.0219	0.0219	0.022	0.022	0.0219
  B	0.0214	0	0.0222	0.0278	0.0214	0.0214	0.0217	0.0214	0.0214	0.0214	0.0214	0.0214	0.0214	0.0214	0.0219	0.0214	0.0214	0.0215	0.0214	0.0214	0.0214	0.026	0.0214	0.0214	0.0214	0.0214	0.0214	0.0214	0.0214	0.0214	0.0214	0.0215	0.0214	0.0214	0.0214	0.0214	0.0214	0.0215	0.0214	0.0222	0.0214	0.0214	0.0214	0.0214	0.0214	0.0214	0.0214
  C	0.0168	0.017	0	0.0196	0.0164	0.0164	0.0189	0.0164	0.0295	0.0164	0.0165	0.0251	0.0164	0.017	0.0166	0.0165	0.0164	0.0167	0.0199	0.0164	0.0164	0.0695	0.0164	0.0167	0.0293	0.0164	0.0164	0.0164	0.019	0.0165	0.0169	0.0167	0.0293	0.0173	0.0556	0.0164	0.0169	0.0389	0.0211	0.0319	0.0164	0.0166	0.0164	0.0164	0.024	0.0195	0.0172
  D	0.0189	0.0246	0.0227	0	0.0189	0.0189	0.0218	0.0189	0.019	0.0189	0.019	0.019	0.019	0.0189	0.0244	0.0189	0.0189	0.019	0.0189	0.0189	0.019	0.0414	0.0189	0.019	0.019	0.0189	0.0189	0.0189	0.0189	0.019	0.019	0.0191	0.0189	0.0191	0.019	0.0189	0.019	0.0346	0.019	0.0255	0.0189	0.0189	0.0189	0.0189	0.019	0.019	0.0189
  E	0.022	0.022	0.0221	0.022	0	0.022	0.0223	0.022	0.022	0.022	0.022	0.022	0.022	0.022	0.022	0.022	0.022	0.0221	0.022	0.0332	0.022	0.0222	0.022	0.022	0.022	0.022	0.022	0.022	0.022	0.022	0.022	0.0221	0.022	0.022	0.0221	0.022	0.022	0.0221	0.022	0.022	0.022	0.022	0.022	0.022	0.022	0.022	0.022
  F	0.0219	0.0219	0.022	0.022	0.0219	0	0.0223	0.0219	0.022	0.0219	0.022	0.022	0.0219	0.0219	0.0219	0.022	0.0219	0.022	0.0219	0.022	0.0219	0.0222	0.0219	0.022	0.022	0.0219	0.0219	0.0219	0.0219	0.022	0.0331	0.022	0.022	0.0219	0.022	0.0219	0.022	0.0222	0.0219	0.0219	0.0219	0.0219	0.0219	0.0219	0.022	0.022	0.022
  G	0.0176	0.0177	0.0202	0.0201	0.0176	0.0177	0	0.0177	0.0178	0.0177	0.0233	0.0268	0.0186	0.0176	0.0177	0.0318	0.0177	0.0334	0.0177	0.021	0.0317	0.0521	0.0176	0.0398	0.018	0.0177	0.0274	0.0265	0.0176	0.0504	0.0716	0.0327	0.0256	0.0176	0.0192	0.0176	0.021	0.019	0.0177	0.0179	0.0308	0.0177	0.0176	0.0359	0.018	0.0333	0.0204
  H	0.0224	0.0224	0.0224	0.0224	0.0224	0.0224	0.0226	0	0.0224	0.0224	0.0224	0.0224	0.0224	0.0224	0.0224	0.0224	0.0224	0.0225	0.0224	0.0224	0.0256	0.0226	0.0224	0.0224	0.0224	0.0224	0.0224	0.0224	0.0224	0.0224	0.0224	0.0225	0.0224	0.0224	0.0224	0.0224	0.041	0.0224	0.0333	0.0224	0.0224	0.0224	0.0224	0.0224	0.0224	0.0224	0.0224
  I	0.0168	0.0168	0.0302	0.0168	0.0167	0.0167	0.017	0.0168	0	0.0168	0.0168	0.0168	0.0168	0.0173	0.0168	0.0168	0.0168	0.0169	0.0168	0.0168	0.0168	0.0248	0.0167	0.0168	0.0205	0.0175	0.0168	0.0167	0.0169	0.0168	0.0169	0.031	0.0168	0.0168	0.0187	0.0167	0.0168	0.0174	0.017	0.0538	0.0168	0.0168	0.0167	0.0168	0.0184	0.0198	0.0168
  J	0.0217	0.0217	0.0218	0.0218	0.0217	0.0217	0.022	0.0217	0.0218	0	0.0295	0.0271	0.0217	0.0217	0.0217	0.0217	0.0217	0.0218	0.0217	0.0218	0.0217	0.022	0.0217	0.0218	0.0218	0.0217	0.0217	0.0217	0.0217	0.0218	0.0218	0.0278	0.0218	0.0217	0.0218	0.0217	0.0218	0.0218	0.0217	0.0217	0.0217	0.0217	0.0217	0.0217	0.0218	0.0218	0.0218
  K	0.0214	0.0214	0.0215	0.0214	0.0214	0.0214	0.0285	0.0214	0.0214	0.029	0	0.024	0.0214	0.0214	0.0214	0.0214	0.0214	0.0215	0.0214	0.0214	0.0214	0.0279	0.0214	0.0292	0.0215	0.0214	0.0214	0.0214	0.0213	0.0214	0.0214	0.0465	0.0214	0.0214	0.0265	0.0214	0.0214	0.0362	0.0214	0.0214	0.0214	0.0214	0.0214	0.0214	0.0214	0.0214	0.0214
  L	0.019	0.0185	0.0283	0.0185	0.0185	0.0185	0.0283	0.0185	0.0185	0.0229	0.0207	0	0.0185	0.0185	0.0185	0.0185	0.0185	0.0186	0.0185	0.0185	0.0185	0.0651	0.0185	0.0335	0.0373	0.0228	0.0185	0.0185	0.0184	0.0185	0.0274	0.049	0.0203	0.0189	0.0186	0.0185	0.0233	0.0399	0.0185	0.0186	0.0185	0.0185	0.0185	0.0185	0.0221	0.0186	0.0185
  M	0.012	0.012	0.0121	0.012	0.012	0.012	0.0128	0.012	0.012	0.012	0.012	0.012	0	0.012	0.012	0.012	0.012	0.0121	0.012	0.012	0.0122	0.0204	0.012	0.012	0.012	0.018	0.012	0.012	0.0121	0.012	0.012	0.0252	0.012	0.012	0.012	0.012	0.012	0.0134	0.012	0.0966	0.012	0.012	0.012	0.012	0.012	0.012	0.012
  N	0.0201	0.0201	0.0209	0.0201	0.0201	0.0201	0.0203	0.0201	0.0208	0.0201	0.0201	0.0201	0.0201	0	0.0201	0.0201	0.0201	0.0202	0.0201	0.0201	0.0201	0.0226	0.0201	0.0201	0.0201	0.0201	0.0201	0.0201	0.0201	0.0201	0.0201	0.0459	0.0201	0.0201	0.0201	0.0201	0.0201	0.0202	0.0201	0.0268	0.0201	0.0201	0.0201	0.0201	0.0201	0.0201	0.0201
  O	0.021	0.0215	0.0213	0.0271	0.021	0.021	0.0213	0.021	0.0211	0.021	0.021	0.021	0.021	0.021	0	0.021	0.021	0.0211	0.021	0.021	0.021	0.0225	0.021	0.021	0.021	0.021	0.021	0.021	0.021	0.021	0.0211	0.0211	0.021	0.021	0.0211	0.021	0.021	0.0212	0.021	0.026	0.021	0.021	0.021	0.021	0.021	0.021	0.021
  P	0.0217	0.0217	0.0218	0.0217	0.0217	0.0217	0.0394	0.0217	0.0217	0.0217	0.0217	0.0217	0.0217	0.0217	0.0217	0	0.025	0.0372	0.0217	0.0321	0.0217	0.0219	0.0217	0.0217	0.0217	0.0217	0.0302	0.0217	0.0216	0.0217	0.0249	0.0218	0.0217	0.0217	0.0221	0.0217	0.0217	0.0217	0.0217	0.0216	0.0217	0.0217	0.0217	0.0217	0.0218	0.0217	0.0225
  Q	0.0221	0.0221	0.0221	0.0221	0.0221	0.022	0.0223	0.0221	0.0221	0.0221	0.0221	0.0221	0.0221	0.022	0.0221	0.0255	0	0.0343	0.0221	0.0254	0.0221	0.0223	0.022	0.0221	0.0221	0.0221	0.0221	0.022	0.022	0.0221	0.0221	0.0222	0.0221	0.0221	0.0221	0.022	0.0221	0.0221	0.0221	0.022	0.0221	0.0221	0.022	0.0221	0.0221	0.0221	0.0221
  R	0.0219	0.0219	0.0223	0.022	0.0219	0.0219	0.0418	0.0219	0.0221	0.0219	0.022	0.022	0.0219	0.0219	0.0219	0.0375	0.034	0	0.0219	0.0256	0.0219	0.024	0.0219	0.0221	0.022	0.022	0.022	0.0219	0.0219	0.022	0.0221	0.0292	0.022	0.0219	0.022	0.0219	0.022	0.0221	0.0219	0.0223	0.0219	0.0219	0.0219	0.022	0.022	0.0221	0.022
  S	0.0213	0.0213	0.0258	0.0213	0.0213	0.0213	0.0215	0.0213	0.0213	0.0213	0.0213	0.0213	0.0213	0.0213	0.0213	0.0213	0.0213	0.0214	0	0.0213	0.0213	0.0254	0.0213	0.0213	0.0214	0.0213	0.0213	0.0213	0.0213	0.0213	0.0213	0.0296	0.0213	0.0213	0.0213	0.0213	0.0213	0.0421	0.0213	0.0213	0.0213	0.0227	0.0213	0.0213	0.0213	0.0215	0.0213
  T	0.0226	0.0226	0.0227	0.0226	0.034	0.0226	0.0271	0.0226	0.0226	0.0226	0.0226	0.0226	0.0226	0.0226	0.0226	0.0335	0.0259	0.0265	0.0226	0	0.0226	0.0245	0.0226	0.0226	0.0226	0.0226	0.0318	0.0226	0.0226	0.0349	0.0266	0.0227	0.0226	0.0226	0.0226	0.0226	0.0226	0.0227	0.0226	0.0226	0.0226	0.0226	0.0226	0.0227	0.0226	0.0245	0.0226
  U	0.0152	0.0152	0.0153	0.0153	0.0152	0.0152	0.0276	0.0174	0.0152	0.0152	0.0152	0.0153	0.0154	0.0152	0.0152	0.0152	0.0152	0.0153	0.0152	0.0152	0	0.0172	0.0152	0.0183	0.0152	0.0152	0.0152	0.0152	0.0187	0.0285	0.0153	0.0153	0.0825	0.0152	0.0153	0.0152	0.0208	0.0153	0.017	0.0621	0.0152	0.0152	0.0152	0.0152	0.0152	0.0153	0.0152
  V	0.0146	0.0175	0.0613	0.0316	0.0146	0.0146	0.043	0.0146	0.0214	0.0146	0.0189	0.051	0.0245	0.0162	0.0155	0.0146	0.0146	0.0159	0.0172	0.0157	0.0163	0	0.0146	0.0289	0.0365	0.0248	0.0146	0.0146	0.0219	0.02	0.0155	0.1383	0.0153	0.0147	0.024	0.0146	0.0147	0.1185	0.0179	0.029	0.0146	0.028	0.0146	0.0146	0.0179	0.043	0.0146
  W	0.0216	0.0216	0.0217	0.0216	0.0216	0.0216	0.0218	0.0216	0.0216	0.0216	0.0216	0.0216	0.0216	0.0216	0.0216	0.0216	0.0216	0.0217	0.0216	0.0216	0.0216	0.0218	0	0.0216	0.0216	0.0216	0.0216	0.0216	0.0216	0.0216	0.0216	0.0217	0.0216	0.0216	0.0217	0.0216	0.0216	0.0217	0.0216	0.0216	0.0216	0.0216	0.0216	0.0216	0.0216	0.0216	0.0216
  X	0.0199	0.0199	0.0203	0.0199	0.0199	0.0199	0.0453	0.0199	0.02	0.0199	0.0272	0.0361	0.0199	0.0199	0.0199	0.0199	0.0199	0.0201	0.0199	0.02	0.024	0.0398	0.0199	0	0.02	0.023	0.0199	0.0199	0.0199	0.0217	0.0219	0.0759	0.0285	0.0199	0.02	0.0199	0.0246	0.0335	0.0199	0.0199	0.0199	0.0199	0.0199	0.02	0.02	0.0258	0.0199
  Y	0.027	0.0195	0.0348	0.0195	0.0194	0.0195	0.02	0.0195	0.0239	0.0195	0.0195	0.0393	0.0195	0.0195	0.0195	0.0195	0.0195	0.0196	0.0196	0.0195	0.0195	0.0492	0.0194	0.0196	0	0.0195	0.0195	0.0194	0.0196	0.0195	0.02	0.0197	0.0196	0.0265	0.0258	0.0194	0.0279	0.0562	0.0195	0.0254	0.0195	0.0198	0.0194	0.0195	0.0237	0.0195	0.0206
  Z	0.0207	0.0207	0.0208	0.0208	0.0207	0.0207	0.021	0.0207	0.0217	0.0208	0.0208	0.0256	0.0312	0.0207	0.0207	0.0208	0.0207	0.0208	0.0207	0.0208	0.0207	0.0357	0.0207	0.0239	0.0208	0	0.0207	0.0207	0.0207	0.0208	0.0208	0.038	0.0208	0.0207	0.0208	0.0207	0.0208	0.0209	0.0207	0.0207	0.0207	0.0207	0.0207	0.0207	0.0208	0.0222	0.0208
  [	0.0219	0.0219	0.022	0.0219	0.0219	0.0219	0.0344	0.0219	0.0219	0.0219	0.0219	0.0219	0.0219	0.0219	0.0219	0.0305	0.0219	0.022	0.0219	0.0308	0.0219	0.0221	0.0219	0.022	0.0219	0.0219	0	0.0219	0.0219	0.022	0.0261	0.022	0.0219	0.0219	0.0219	0.0219	0.0219	0.022	0.0219	0.0219	0.022	0.0219	0.0219	0.0219	0.0219	0.022	0.0219
  \	0.0215	0.0215	0.0216	0.0215	0.0215	0.0215	0.0327	0.0215	0.0215	0.0215	0.0215	0.0215	0.0215	0.0215	0.0215	0.0215	0.0215	0.0216	0.0215	0.0215	0.0215	0.0217	0.0215	0.0216	0.0215	0.0215	0.0215	0	0.0215	0.0215	0.0216	0.0216	0.0215	0.0215	0.0216	0.0215	0.0215	0.0216	0.0215	0.0215	0.0215	0.0215	0.0215	0.0215	0.0215	0.0215	0.0215
  ]	0.0126	0.0126	0.0146	0.0126	0.0126	0.0126	0.0127	0.0126	0.0127	0.0126	0.0126	0.0126	0.0127	0.0126	0.0126	0.0126	0.0126	0.0126	0.0126	0.0126	0.0155	0.0191	0.0126	0.0126	0.0127	0.0126	0.0126	0.0126	0	0.0126	0.0127	0.0126	0.0167	0.0189	0.0126	0.0126	0.0126	0.0152	0.0126	0.0817	0.0126	0.0126	0.0126	0.0126	0.0138	0.0126	0.0126
  ^	0.0212	0.0212	0.0213	0.0213	0.0212	0.0212	0.0613	0.0212	0.0213	0.0212	0.0213	0.0213	0.0212	0.0212	0.0212	0.0213	0.0212	0.0214	0.0212	0.0328	0.0398	0.0294	0.0212	0.0231	0.0213	0.0213	0.0213	0.0212	0.0212	0	0.0239	0.0224	0.0242	0.0212	0.0213	0.0212	0.0213	0.023	0.0212	0.0213	0.0213	0.0212	0.0212	0.0398	0.0213	0.0254	0.0213
  _	0.0175	0.0175	0.018	0.0175	0.0174	0.0263	0.0715	0.0175	0.0176	0.0175	0.0175	0.0259	0.0174	0.0174	0.0175	0.0201	0.0175	0.0176	0.0175	0.0205	0.0175	0.0187	0.0174	0.0192	0.018	0.0175	0.0208	0.0175	0.0176	0.0196	0	0.0178	0.0189	0.0175	0.0204	0.0174	0.0214	0.0362	0.0175	0.044	0.0175	0.0175	0.0174	0.0228	0.0181	0.0197	0.0226
  `	0.0133	0.0133	0.0135	0.0134	0.0133	0.0133	0.0249	0.0133	0.0245	0.017	0.0289	0.0352	0.0278	0.0302	0.0133	0.0133	0.0133	0.0177	0.0184	0.0133	0.0134	0.1271	0.0133	0.0506	0.0134	0.0243	0.0133	0.0133	0.0133	0.014	0.0136	0	0.0201	0.0133	0.0134	0.0133	0.0134	0.0401	0.0133	0.0135	0.0133	0.0155	0.0133	0.0133	0.0134	0.0316	0.0267
  a	0.0209	0.0209	0.0373	0.0209	0.0209	0.0209	0.0306	0.0209	0.0209	0.0209	0.0209	0.0229	0.0209	0.0209	0.0209	0.0209	0.0209	0.021	0.0209	0.0209	0.1131	0.0221	0.0209	0.0299	0.0211	0.0209	0.0209	0.0209	0.0277	0.0238	0.0227	0.0315	0	0.0209	0.0265	0.0209	0.0255	0.0228	0.0209	0.0318	0.0209	0.0209	0.0209	0.0209	0.0209	0.0209	0.0209
  b	0.0227	0.022	0.0233	0.0222	0.022	0.022	0.0223	0.022	0.0221	0.022	0.0221	0.0226	0.022	0.022	0.022	0.022	0.022	0.0221	0.022	0.022	0.022	0.0225	0.022	0.0221	0.03	0.022	0.022	0.022	0.0331	0.0221	0.0221	0.0221	0.022	0	0.0221	0.022	0.0222	0.0362	0.022	0.022	0.022	0.022	0.022	0.022	0.0221	0.0221	0.022
  c	0.021	0.021	0.0714	0.0211	0.021	0.021	0.0231	0.021	0.0234	0.021	0.0261	0.0212	0.021	0.021	0.021	0.0215	0.021	0.0212	0.0211	0.0211	0.0211	0.0349	0.021	0.0211	0.0279	0.0211	0.021	0.021	0.0211	0.0211	0.0245	0.0212	0.0267	0.0211	0	0.021	0.0211	0.0339	0.0213	0.023	0.021	0.0211	0.021	0.0211	0.0447	0.0212	0.0279
  d	0.0216	0.0216	0.0217	0.0216	0.0216	0.0216	0.0218	0.0216	0.0216	0.0216	0.0216	0.0216	0.0216	0.0216	0.0216	0.0216	0.0216	0.0217	0.0216	0.0216	0.0216	0.0218	0.0216	0.0216	0.0216	0.0216	0.0216	0.0216	0.0216	0.0216	0.0216	0.0217	0.0216	0.0216	0.0217	0	0.0216	0.0217	0.0216	0.0216	0.0216	0.0216	0.0216	0.0216	0.0216	0.0216	0.0216
  e	0.0222	0.0222	0.023	0.0222	0.0222	0.0222	0.0266	0.0406	0.0222	0.0222	0.0222	0.028	0.0222	0.0222	0.0222	0.0222	0.0222	0.0223	0.0222	0.0222	0.0302	0.0226	0.0222	0.0275	0.0318	0.0222	0.0222	0.0222	0.0222	0.0223	0.0272	0.0223	0.0271	0.0223	0.0223	0.0222	0	0.0273	0.0275	0.0222	0.0324	0.0222	0.0222	0.026	0.0223	0.0223	0.0222
  f	0.0125	0.0118	0.0279	0.0214	0.0117	0.0119	0.0127	0.0118	0.0122	0.0118	0.0199	0.0254	0.013	0.0118	0.0118	0.0118	0.0117	0.0118	0.0232	0.0118	0.0118	0.0962	0.0117	0.0197	0.0338	0.0118	0.0118	0.0117	0.0142	0.0127	0.0243	0.0355	0.0128	0.0192	0.0189	0.0117	0.0144	0	0.0119	0.066	0.0118	0.0173	0.0117	0.0118	0.0205	0.0226	0.0118
  g	0.0218	0.0218	0.0281	0.0219	0.0217	0.0217	0.022	0.0324	0.0221	0.0218	0.0218	0.0218	0.0217	0.0217	0.0218	0.0218	0.0218	0.0218	0.0218	0.0218	0.0243	0.0269	0.0217	0.0218	0.0218	0.0218	0.0218	0.0217	0.0217	0.0218	0.0218	0.0219	0.0218	0.0218	0.022	0.0217	0.027	0.022	0	0.0218	0.0218	0.0218	0.0217	0.0218	0.022	0.0219	0.0218
  h	0.0176	0.0183	0.0344	0.0238	0.0176	0.0176	0.0181	0.0176	0.0568	0.0176	0.0177	0.0178	0.1421	0.0235	0.0219	0.0177	0.0176	0.018	0.0177	0.0177	0.0721	0.0355	0.0176	0.0177	0.0231	0.0177	0.0176	0.0176	0.1146	0.0177	0.0445	0.0179	0.0269	0.0176	0.0193	0.0176	0.0177	0.0995	0.0177	0	0.0176	0.0177	0.0176	0.0176	0.0208	0.0178	0.0177
  i	0.0217	0.0217	0.0218	0.0217	0.0217	0.0217	0.0383	0.0217	0.0217	0.0217	0.0217	0.0217	0.0217	0.0217	0.0217	0.0218	0.0217	0.0218	0.0217	0.0217	0.0217	0.0219	0.0217	0.0218	0.0217	0.0217	0.0218	0.0217	0.0217	0.0218	0.0218	0.0218	0.0217	0.0217	0.0217	0.0217	0.0317	0.0218	0.0217	0.0217	0	0.0217	0.0217	0.0261	0.0217	0.0217	0.0217
  j	0.0202	0.0202	0.0205	0.0202	0.0202	0.0202	0.0204	0.0202	0.0202	0.0202	0.0202	0.0203	0.0202	0.0202	0.0202	0.0202	0.0202	0.0203	0.0216	0.0202	0.0202	0.0392	0.0202	0.0202	0.0205	0.0202	0.0202	0.0202	0.0202	0.0202	0.0202	0.0235	0.0202	0.0202	0.0203	0.0202	0.0202	0.0298	0.0202	0.0202	0.0202	0	0.0202	0.0202	0.0306	0.0203	0.0202
  k	0.0216	0.0216	0.0217	0.0216	0.0216	0.0216	0.0218	0.0216	0.0216	0.0216	0.0216	0.0216	0.0216	0.0216	0.0216	0.0216	0.0216	0.0217	0.0216	0.0216	0.0216	0.0218	0.0216	0.0216	0.0216	0.0216	0.0216	0.0216	0.0216	0.0216	0.0216	0.0217	0.0216	0.0216	0.0217	0.0216	0.0216	0.0217	0.0216	0.0216	0.0216	0.0216	0	0.0216	0.0216	0.0216	0.0216
  l	0.0221	0.0222	0.0222	0.0222	0.0221	0.0221	0.0456	0.0222	0.0222	0.0222	0.0222	0.0222	0.0221	0.0221	0.0222	0.0222	0.0222	0.0223	0.0221	0.0222	0.0222	0.0225	0.0221	0.0222	0.0222	0.0222	0.0222	0.0221	0.0221	0.0416	0.029	0.0223	0.0222	0.0222	0.0222	0.0221	0.026	0.0222	0.0222	0.0221	0.0267	0.0221	0.0221	0	0.0222	0.0233	0.0222
  m	0.0221	0.0221	0.0324	0.0222	0.0221	0.0221	0.0228	0.0221	0.0243	0.0221	0.0222	0.0264	0.0221	0.0221	0.0221	0.0222	0.0221	0.0222	0.0221	0.0221	0.0221	0.0274	0.0221	0.0222	0.027	0.0221	0.0221	0.0221	0.0242	0.0222	0.0229	0.0223	0.0222	0.0221	0.0471	0.0221	0.0222	0.0387	0.0223	0.026	0.0221	0.0335	0.0221	0.0221	0	0.0223	0.0237
  n	0.019	0.019	0.0227	0.0191	0.019	0.019	0.0362	0.019	0.0225	0.019	0.019	0.0192	0.019	0.019	0.019	0.019	0.019	0.0192	0.0191	0.0206	0.019	0.0565	0.019	0.0247	0.0191	0.0203	0.019	0.019	0.019	0.0228	0.0215	0.0453	0.019	0.019	0.0192	0.019	0.019	0.0367	0.0191	0.0191	0.019	0.0191	0.019	0.02	0.0191	0	0.019
  o	0.0218	0.0218	0.023	0.0218	0.0218	0.0218	0.0254	0.0218	0.0218	0.0218	0.0218	0.0219	0.0218	0.0218	0.0218	0.0227	0.0218	0.0219	0.0218	0.0218	0.0218	0.0221	0.0218	0.0218	0.0231	0.0218	0.0218	0.0218	0.0218	0.0218	0.0282	0.0439	0.0218	0.0218	0.0289	0.0218	0.0218	0.0219	0.0218	0.0218	0.0218	0.0218	0.0218	0.0218	0.0234	0.0218	0

