Character to attribute mapping:
  p: ?
  A: Arizona
  B: Arkansas
  C: California
  D: Colorado
  E: Connecticut
  F: Delaware
  G: Florida
  H: Georgia
  I: Idaho
  J: Illinois
  K: Indiana
  L: Iowa
  M: Kansas
  N: Kentucky
  O: Louisiana
  P: MA
  Q: ME
  R: Maine
  S: Maryland
  T: Massachusetts
  U: Michigan
  V: Minnesota
  W: Mississippi
  X: Missouri
  Y: Montana
  Z: Nebraska
  [: New_Hampshire
  \: New_Jersey
  ]: New_Mexico
  ^: New_York
  _: North_Carolina
  `: North_Dakota
  a: Ohio
  b: Oklahoma
  c: Oregon
  d: Pennsylvania
  e: South_Carolina
  f: South_Dakota
  g: Tennessee
  h: Texas
  i: USA
  j: Utah
  k: Vermont
  l: Virginia
  m: Washington
  n: Wisconsin
  o: Wyoming


Substitution rate (mu): 177.273037

Equilibrium frequencies (pi_i):
  A: 0.0231
  B: 0.0225
  C: 0.0223
  D: 0.0219
  E: 0.0235
  F: 0.0234
  G: 0.019
  H: 0.0235
  I: 0.0176
  J: 0.0233
  K: 0.0235
  L: 0.0185
  M: 0.0141
  N: 0.0231
  O: 0.0223
  P: 0.0243
  Q: 0.0236
  R: 0.0243
  S: 0.0231
  T: 0.0244
  U: 0.0097
  V: 0.0173
  W: 0.0231
  X: 0.0205
  Y: 0.0202
  Z: 0.0224
  [: 0.0236
  \: 0.0232
  ]: 0.0113
  ^: 0.0239
  _: 0.0185
  `: 0.0142
  a: 0.0173
  b: 0.0229
  c: 0.0231
  d: 0.0231
  e: 0.0235
  f: 0.018
  g: 0.0232
  h: 0.0189
  i: 0.0235
  j: 0.0232
  k: 0.0231
  l: 0.0242
  m: 0.0243
  n: 0.0206
  o: 0.0218

Symmetrized rates from j->i (W_ij):
	A	B	C	D	E	F	G	H	I	J	K	L	M	N	O	P	Q	R	S	T	U	V	W	X	Y	Z	[	\	]	^	_	`	a	b	c	d	e	f	g	h	i	j	k	l	m	n	o
  A	0	0.9294	0.9355	0.9298	0.9289	0.9292	0.9298	0.9289	0.93	0.9293	0.9306	0.9311	0.9292	0.9294	0.9289	0.9304	0.9294	0.9294	0.9292	0.9296	0.9286	0.9343	0.9289	0.9308	1.0718	0.9294	0.93	0.9289	0.9289	0.9291	0.9315	0.9304	0.9291	0.9297	1.0741	0.9289	0.9301	1.2977	0.9292	0.9271	0.9289	0.9295	0.9289	0.9291	0.936	0.9304	0.9289
  B	0.9294	0	1.0063	0.9302	0.929	0.9293	0.9356	0.9291	0.949	0.9294	0.9308	0.9322	0.9293	0.9469	0.9291	0.9305	0.9295	0.9295	0.9295	0.9297	0.9287	1.3335	0.929	0.9314	0.9396	0.9297	0.93	0.929	0.9292	0.9292	0.9316	0.9321	0.9293	0.9298	0.9312	0.929	0.9301	1.0226	0.9868	0.9314	0.929	0.9296	0.929	0.9293	0.9303	0.9524	0.9293
  C	0.9355	1.0063	0	0.9333	0.9296	0.9299	0.9336	0.9297	1.3643	0.931	0.9347	1.7192	0.9304	0.9581	0.9327	0.9313	0.9301	0.9301	0.9363	0.9306	0.9303	1.9835	0.9296	0.9884	1.1277	0.9306	0.931	0.9296	1.4	0.9299	0.933	0.9453	0.9304	0.9334	3.1013	0.9296	0.9308	1.1601	0.9506	1.2466	0.9297	0.9311	0.9296	0.9299	1.6699	0.9403	0.9303
  D	0.9298	0.9302	0.9333	0	0.9293	0.9295	0.9436	0.9293	0.9335	0.9297	0.9311	0.9329	0.9299	0.9302	0.9305	0.9307	0.9298	0.9298	0.9298	0.93	0.9295	1.6226	0.9293	0.9317	1.1845	0.9302	0.9303	0.9293	0.9369	0.9295	0.9321	1.3964	0.9298	0.9301	1.0787	0.9293	0.9304	0.9383	0.9299	1.0242	0.9293	0.9302	0.9293	0.9296	1.0518	0.934	0.9297
  E	0.9289	0.929	0.9296	0.9293	0	0.9289	0.9294	0.9286	0.9296	0.929	0.9301	0.9307	0.9289	0.9291	0.9286	0.9325	0.9292	0.9291	0.929	1.3985	0.9283	0.9312	0.9286	0.93	0.9298	0.929	0.9298	0.9286	0.9287	0.9288	0.9313	0.9297	0.9288	0.9292	0.9299	0.9286	0.9296	0.9311	0.9288	0.9265	0.9286	0.929	0.9286	0.9288	0.9294	0.9299	0.9286
  F	0.9292	0.9293	0.9299	0.9295	0.9289	0	0.9302	0.9288	0.9298	0.9293	0.9304	0.9308	0.9291	0.9294	0.9289	0.9307	0.9295	0.9295	0.9292	0.9299	0.9287	0.9315	0.9289	0.9304	0.9301	0.9292	0.93	0.9289	0.9288	1.2304	1.241	0.9313	0.929	0.9295	0.9302	0.9289	0.93	0.932	0.9291	0.9271	0.9289	0.9293	0.9289	0.9294	0.9297	0.9302	0.9288
  G	0.9298	0.9356	0.9336	0.9436	0.9294	0.9302	0	0.9301	0.9328	0.9305	1.406	1.4647	1.0151	0.9311	0.93	0.9593	0.9303	1.2654	0.9303	0.933	1.4061	2.7637	0.9294	1.2732	1.0042	0.9311	0.9316	1.3984	0.9301	1.4005	2.0591	2.1572	1.876	0.931	0.9336	0.9294	1.3575	0.9766	0.9342	1.0484	1.4012	0.9304	0.9294	1.287	0.9324	1.4407	0.9296
  H	0.9289	0.9291	0.9297	0.9293	0.9286	0.9288	0.9301	0	0.9296	0.929	0.9303	0.9305	0.929	0.9291	0.9286	0.9301	0.9291	0.9291	0.9289	0.9293	0.9285	0.9312	0.9286	0.93	0.9299	0.929	0.9297	0.9286	0.9287	0.9288	0.9314	0.93	0.9288	0.9293	0.9299	0.9286	1.4198	0.9315	1.3935	0.9265	0.929	0.929	0.9286	0.929	0.9294	0.9301	0.9286
  I	0.93	0.949	1.3643	0.9335	0.9296	0.9298	0.9328	0.9296	0	0.93	0.9314	0.939	0.9308	1.2873	0.9452	0.9308	0.93	0.9301	0.9302	0.9302	1.2332	1.6653	0.9296	0.932	1.3632	0.9305	0.9305	0.9296	0.9312	0.9312	0.9322	1.6912	0.9303	0.9303	1.1107	0.9296	0.9306	0.9474	0.9344	2.8159	0.9296	0.9304	0.9296	0.9299	0.9588	0.934	1.4041
  J	0.9293	0.9294	0.931	0.9297	0.929	0.9293	0.9305	0.929	0.93	0	1.1021	1.2357	0.9291	0.9298	0.929	0.9307	0.9296	0.9295	0.9296	0.93	0.9286	0.9458	0.929	1.3151	0.9306	0.9296	0.9302	0.929	0.9289	0.9292	0.9317	0.9312	0.9294	0.9301	0.9304	0.929	0.9301	0.9334	0.9293	0.9269	0.929	0.9295	0.929	0.9294	0.9299	0.9305	0.929
  K	0.9306	0.9308	0.9347	0.9311	0.9301	0.9304	1.406	0.9303	0.9314	1.1021	0	1.5632	0.9304	1.3196	0.9302	0.932	0.9307	0.9307	0.9309	0.9313	0.9293	1.3669	0.9301	1.4847	0.933	0.945	0.9318	0.9301	0.9298	0.9304	0.9337	0.9393	1.4102	1.7603	0.9325	0.9301	1.1604	1.2493	0.9306	0.9289	0.9304	0.9308	0.9301	0.931	0.9316	0.9329	0.9305
  L	0.9311	0.9322	1.7192	0.9329	0.9307	0.9308	1.4647	0.9305	0.939	1.2357	1.5632	0	0.9308	1.0955	0.9311	1.066	0.9312	0.9333	1.2742	1.2688	0.9296	4.44	0.9305	1.2701	1.3433	0.9327	1.0954	0.9305	0.9305	0.9311	0.9687	2.6677	0.9347	1.0724	0.9343	0.9305	0.9346	2.0223	0.9316	0.9585	0.9306	0.9319	0.9305	0.9313	0.9396	0.9366	0.9311
  M	0.9292	0.9293	0.9304	0.9299	0.9289	0.9291	1.0151	0.929	0.9308	0.9291	0.9304	0.9308	0	0.9292	0.9289	0.9465	0.9293	0.93	0.9293	0.9306	1.3874	0.9354	0.9288	0.931	0.9307	1.3994	0.9301	0.9289	0.972	0.9295	1.0856	2.2868	0.9674	0.9295	0.9303	0.9288	0.9845	1.8744	0.9292	6.133	0.9291	0.9296	0.9288	0.9297	0.9298	0.931	0.9288
  N	0.9294	0.9469	0.9581	0.9302	0.9291	0.9294	0.9311	0.9291	1.2873	0.9298	1.3196	1.0955	0.9292	0	0.9293	0.9306	0.9296	0.9296	0.9296	0.9299	0.9287	1.4372	0.9291	0.9317	0.932	0.9298	0.9302	0.9291	0.9291	0.9293	0.9317	0.9351	0.9293	0.9303	0.9309	0.9291	0.9302	0.9405	0.933	0.9284	0.9291	0.9297	0.9291	0.9293	0.9302	0.9325	1.4058
  O	0.9289	0.9291	0.9327	0.9305	0.9286	0.9289	0.93	0.9286	0.9452	0.929	0.9302	0.9311	0.9289	0.9293	0	0.93	0.9291	0.9291	0.929	0.9293	0.9286	1.3008	0.9286	0.9301	0.9303	0.9291	0.9296	0.9286	0.9289	0.9288	0.931	0.9306	0.9289	0.9293	0.9301	0.9286	0.9296	0.9314	0.9289	1.0114	0.9286	0.9291	0.9286	0.9288	0.9296	0.9301	0.9287
  P	0.9304	0.9305	0.9313	0.9307	0.9325	0.9307	0.9593	0.9301	0.9308	0.9307	0.932	1.066	0.9465	0.9306	0.93	0	1.2239	1.6738	0.9306	2.8468	0.9292	0.9341	0.93	0.9321	0.9313	0.9305	1.2635	0.9301	0.9295	0.9312	1.9076	0.9545	0.93	0.9308	0.9314	0.93	0.9477	0.9338	0.9303	0.9287	0.9301	0.9305	0.93	0.9308	0.931	0.9317	0.93
  Q	0.9294	0.9295	0.9301	0.9298	0.9292	0.9295	0.9303	0.9291	0.93	0.9296	0.9307	0.9312	0.9293	0.9296	0.9291	1.2239	0	1.4068	0.9295	0.9695	0.9286	0.9317	0.9291	0.9305	0.9303	0.9295	0.9305	0.9291	0.929	0.9295	0.9755	0.9303	0.9292	0.9298	0.9304	0.9291	0.9302	0.9317	0.9294	0.9271	0.9291	0.9296	0.9291	0.9294	0.93	0.9304	0.9291
  R	0.9294	0.9295	0.9301	0.9298	0.9291	0.9295	1.2654	0.9291	0.9301	0.9295	0.9307	0.9333	0.93	0.9296	0.9291	1.6738	1.4068	0	0.9295	0.9621	0.9286	0.9339	0.9291	0.9314	0.9304	0.9295	0.9322	0.9291	0.9289	0.9296	1.4071	1.0791	0.9292	0.9297	0.9304	0.9291	0.931	0.9321	0.9293	0.9271	0.9291	0.9296	0.9291	0.9295	0.93	0.9305	0.929
  S	0.9292	0.9295	0.9363	0.9298	0.929	0.9292	0.9303	0.9289	0.9302	0.9296	0.9309	1.2742	0.9293	0.9296	0.929	0.9306	0.9295	0.9295	0	0.9298	0.9288	1.075	0.9289	0.931	0.9309	0.9295	0.9303	0.9289	1.2965	0.9292	0.9317	1.3979	0.9293	0.93	0.9304	0.9289	0.9302	0.9328	0.9293	0.9518	0.929	0.9295	0.9289	0.9292	0.9298	1.2324	0.929
  T	0.9296	0.9297	0.9306	0.93	1.3985	0.9299	0.933	0.9293	0.9302	0.93	0.9313	1.2688	0.9306	0.9299	0.9293	2.8468	0.9695	0.9621	0.9298	0	0.9288	0.933	0.9293	0.9312	0.9306	0.9297	1.1642	0.9293	0.9291	1.4064	1.176	0.9352	0.9294	0.93	0.9307	0.9293	0.9318	0.9326	0.9295	0.9274	0.9293	0.9297	0.9293	0.9382	0.9302	0.9308	0.9292
  U	0.9286	0.9287	0.9303	0.9295	0.9283	0.9287	1.4061	0.9285	1.2332	0.9286	0.9293	0.9296	1.3874	0.9287	0.9286	0.9292	0.9286	0.9286	0.9288	0.9288	0	0.9336	0.9284	0.9322	0.9305	0.9286	0.929	0.9284	1.1636	1.8648	1.059	0.9304	0.9493	0.9288	0.9297	0.9284	1.3953	1.259	0.9286	12.5806	0.9307	0.9286	0.9284	0.9317	0.9292	0.9299	0.9284
  V	0.9343	1.3335	1.9835	1.6226	0.9312	0.9315	2.7637	0.9312	1.6653	0.9458	1.3669	4.44	0.9354	1.4372	1.3008	0.9341	0.9317	0.9339	1.075	0.933	0.9336	0	0.9311	2.9553	2.6738	1.7223	0.9381	0.9313	1.4425	0.9321	1.1906	7.2415	0.9454	1.1433	1.1019	0.9311	0.9429	4.3264	1.2467	2.117	0.9314	1.0699	0.9311	0.933	1.0238	3.3077	1.8719
  W	0.9289	0.929	0.9296	0.9293	0.9286	0.9289	0.9294	0.9286	0.9296	0.929	0.9301	0.9305	0.9288	0.9291	0.9286	0.93	0.9291	0.9291	0.9289	0.9293	0.9284	0.9311	0	0.9299	0.9298	0.929	0.9296	0.9286	0.9287	0.9288	0.931	0.9297	0.9288	0.9292	0.9299	0.9286	0.9296	0.9311	0.9288	0.9265	0.9286	0.929	0.9286	0.9288	0.9294	0.9298	0.9286
  X	0.9308	0.9314	0.9884	0.9317	0.93	0.9304	1.2732	0.93	0.932	1.3151	1.4847	1.2701	0.931	0.9317	0.9301	0.9321	0.9305	0.9314	0.931	0.9312	0.9322	2.9553	0.9299	0	0.969	1.0892	0.9375	0.9301	0.9298	0.931	1.7399	1.5907	1.2887	0.9329	0.9942	0.9299	0.939	3.5502	0.931	0.9311	0.9301	0.9341	0.9299	1.2809	0.9418	1.248	0.9302
  Y	1.0718	0.9396	1.1277	1.1845	0.9298	0.9301	1.0042	0.9299	1.3632	0.9306	0.933	1.3433	0.9307	0.932	0.9303	0.9313	0.9303	0.9304	0.9309	0.9306	0.9305	2.6738	0.9298	0.969	0	0.931	0.9312	0.9299	1.1672	0.9301	0.9333	0.9487	0.9384	0.9312	1.5034	0.9298	0.9313	1.69	0.9379	1.3589	0.9299	0.9334	0.9298	0.9302	1.2889	1.227	0.9303
  Z	0.9294	0.9297	0.9306	0.9302	0.929	0.9292	0.9311	0.929	0.9305	0.9296	0.945	0.9327	1.3994	0.9298	0.9291	0.9305	0.9295	0.9295	0.9295	0.9297	0.9286	1.7223	0.929	1.0892	0.931	0	0.9301	0.929	0.929	0.9293	0.9328	1.1286	0.9294	0.9299	0.9309	0.929	0.9305	1.2733	0.9294	0.9276	0.929	1.2632	0.929	0.9293	0.9303	0.9314	0.9292
  [	0.93	0.93	0.931	0.9303	0.9298	0.93	0.9316	0.9297	0.9305	0.9302	0.9318	1.0954	0.9301	0.9302	0.9296	1.2635	0.9305	0.9322	0.9303	1.1642	0.929	0.9381	0.9296	0.9375	0.9312	0.9301	0	0.9296	0.9293	0.9302	1.0612	0.9969	0.9297	0.9305	0.9312	0.9296	1.3634	1.0376	0.9299	0.9278	0.9297	0.9302	0.9296	0.9301	0.9306	1.1055	0.9295
  \	0.9289	0.929	0.9296	0.9293	0.9286	0.9289	1.3984	0.9286	0.9296	0.929	0.9301	0.9305	0.9289	0.9291	0.9286	0.9301	0.9291	0.9291	0.9289	0.9293	0.9284	0.9313	0.9286	0.9301	0.9299	0.929	0.9296	0	0.9287	0.9288	0.9312	0.9298	0.9289	0.9292	0.9299	0.9286	0.9297	0.9311	0.9288	0.9266	0.9286	0.929	0.9286	0.9289	0.9294	0.9299	0.9286
  ]	0.9289	0.9292	1.4	0.9369	0.9287	0.9288	0.9301	0.9287	0.9312	0.9289	0.9298	0.9305	0.972	0.9291	0.9289	0.9295	0.929	0.9289	1.2965	0.9291	1.1636	1.4425	0.9287	0.9298	1.1672	0.929	0.9293	0.9287	0	0.9289	0.9306	0.9307	0.9389	1.3959	0.9301	0.9287	0.9295	0.9316	0.929	8.1354	0.9287	0.929	0.9287	0.9288	0.9296	1.2129	0.9288
  ^	0.9291	0.9292	0.9299	0.9295	0.9288	1.2304	1.4005	0.9288	0.9312	0.9292	0.9304	0.9311	0.9295	0.9293	0.9288	0.9312	0.9295	0.9296	0.9292	1.4064	1.8648	0.9321	0.9288	0.931	0.9301	0.9293	0.9302	0.9288	0.9289	0	1.3242	1.3873	0.9291	0.9294	0.9301	0.9288	0.9304	0.9342	0.929	0.9278	0.9309	0.9293	0.9288	1.4095	0.9296	0.9304	0.9288
  _	0.9315	0.9316	0.933	0.9321	0.9313	1.241	2.0591	0.9314	0.9322	0.9317	0.9337	0.9687	1.0856	0.9317	0.931	1.9076	0.9755	1.4071	0.9317	1.176	1.059	1.1906	0.931	1.7399	0.9333	0.9328	1.0612	0.9312	0.9306	1.3242	0	1.5324	0.9319	0.9321	0.9333	0.931	1.1232	1.495	0.9315	2.2559	0.9317	0.9319	0.931	1.4009	0.9324	0.9907	0.931
  `	0.9304	0.9321	0.9453	1.3964	0.9297	0.9313	2.1572	0.93	1.6912	0.9312	0.9393	2.6677	2.2868	0.9351	0.9306	0.9545	0.9303	1.0791	1.3979	0.9352	0.9304	7.2415	0.9297	1.5907	0.9487	1.1286	0.9969	0.9298	0.9307	1.3873	1.5324	0	1.2342	0.9327	0.9364	0.9297	1.0777	4.5153	0.9315	1.0584	0.9302	1.5476	0.9297	0.9397	0.9328	1.8455	0.9343
  a	0.9291	0.9293	0.9304	0.9298	0.9288	0.929	1.876	0.9288	0.9303	0.9294	1.4102	0.9347	0.9674	0.9293	0.9289	0.93	0.9292	0.9292	0.9293	0.9294	0.9493	0.9454	0.9288	1.2887	0.9384	0.9294	0.9297	0.9289	0.9389	0.9291	0.9319	1.2342	0	1.0225	0.9477	0.9288	0.9325	1.4205	0.9291	3.7407	0.9289	0.9316	0.9288	0.9305	0.9348	0.9308	0.9288
  b	0.9297	0.9298	0.9334	0.9301	0.9292	0.9295	0.931	0.9293	0.9303	0.9301	1.7603	1.0724	0.9295	0.9303	0.9293	0.9308	0.9298	0.9297	0.93	0.93	0.9288	1.1433	0.9292	0.9329	0.9312	0.9299	0.9305	0.9292	1.3959	0.9294	0.9321	0.9327	1.0225	0	0.9312	0.9292	1.1298	1.43	0.9296	0.928	0.9293	0.9298	0.9292	0.9296	0.9305	0.9313	0.9293
  c	1.0741	0.9312	3.1013	1.0787	0.9299	0.9302	0.9336	0.9299	1.1107	0.9304	0.9325	0.9343	0.9303	0.9309	0.9301	0.9314	0.9304	0.9304	0.9304	0.9307	0.9297	1.1019	0.9299	0.9942	1.5034	0.9309	0.9312	0.9299	0.9301	0.9301	0.9333	0.9364	0.9477	0.9312	0	0.9299	0.9315	2.2934	0.9308	0.9681	0.9299	1.082	0.9299	0.9302	2.5721	0.9331	0.9302
  d	0.9289	0.929	0.9296	0.9293	0.9286	0.9289	0.9294	0.9286	0.9296	0.929	0.9301	0.9305	0.9288	0.9291	0.9286	0.93	0.9291	0.9291	0.9289	0.9293	0.9284	0.9311	0.9286	0.9299	0.9298	0.929	0.9296	0.9286	0.9287	0.9288	0.931	0.9297	0.9288	0.9292	0.9299	0	0.9296	0.9311	0.9288	0.9265	0.9286	0.929	0.9286	0.9288	0.9294	0.9298	0.9286
  e	0.9301	0.9301	0.9308	0.9304	0.9296	0.93	1.3575	1.4198	0.9306	0.9301	1.1604	0.9346	0.9845	0.9302	0.9296	0.9477	0.9302	0.931	0.9302	0.9318	1.3953	0.9429	0.9296	0.939	0.9313	0.9305	1.3634	0.9297	0.9295	0.9304	1.1232	1.0777	0.9325	1.1298	0.9315	0.9296	0	1.1654	0.9382	0.9292	1.4031	0.9303	0.9296	1.4031	0.9308	1.1143	0.9295
  f	1.2977	1.0226	1.1601	0.9383	0.9311	0.932	0.9766	0.9315	0.9474	0.9334	1.2493	2.0223	1.8744	0.9405	0.9314	0.9338	0.9317	0.9321	0.9328	0.9326	1.259	4.3264	0.9311	3.5502	1.69	1.2733	1.0376	0.9311	0.9316	0.9342	1.495	4.5153	1.4205	1.43	2.2934	0.9311	1.1654	0	1.0224	1.1309	0.9314	1.0561	0.9311	0.9326	1.6621	1.3288	0.9315
  g	0.9292	0.9868	0.9506	0.9299	0.9288	0.9291	0.9342	1.3935	0.9344	0.9293	0.9306	0.9316	0.9292	0.933	0.9289	0.9303	0.9294	0.9293	0.9293	0.9295	0.9286	1.2467	0.9288	0.931	0.9379	0.9294	0.9299	0.9288	0.929	0.929	0.9315	0.9315	0.9291	0.9296	0.9308	0.9288	0.9382	1.0224	0	0.93	0.9289	0.9294	0.9288	0.9291	0.93	0.9493	0.9289
  h	0.9271	0.9314	1.2466	1.0242	0.9265	0.9271	1.0484	0.9265	2.8159	0.9269	0.9289	0.9585	6.133	0.9284	1.0114	0.9287	0.9271	0.9271	0.9518	0.9274	12.5806	2.117	0.9265	0.9311	1.3589	0.9276	0.9278	0.9266	8.1354	0.9278	2.2559	1.0584	3.7407	0.928	0.9681	0.9265	0.9292	1.1309	0.93	0	0.9267	0.9273	0.9265	0.9269	0.9497	0.9749	0.9273
  i	0.9289	0.929	0.9297	0.9293	0.9286	0.9289	1.4012	0.929	0.9296	0.929	0.9304	0.9306	0.9291	0.9291	0.9286	0.9301	0.9291	0.9291	0.929	0.9293	0.9307	0.9314	0.9286	0.9301	0.9299	0.929	0.9297	0.9286	0.9287	0.9309	0.9317	0.9302	0.9289	0.9293	0.9299	0.9286	1.4031	0.9314	0.9289	0.9267	0	0.929	0.9286	0.9292	0.9294	0.9301	0.9286
  j	0.9295	0.9296	0.9311	0.9302	0.929	0.9293	0.9304	0.929	0.9304	0.9295	0.9308	0.9319	0.9296	0.9297	0.9291	0.9305	0.9296	0.9296	0.9295	0.9297	0.9286	1.0699	0.929	0.9341	0.9334	1.2632	0.9302	0.929	0.929	0.9293	0.9319	1.5476	0.9316	0.9298	1.082	0.929	0.9303	1.0561	0.9294	0.9273	0.929	0	0.929	0.9293	1.3338	0.931	0.9291
  k	0.9289	0.929	0.9296	0.9293	0.9286	0.9289	0.9294	0.9286	0.9296	0.929	0.9301	0.9305	0.9288	0.9291	0.9286	0.93	0.9291	0.9291	0.9289	0.9293	0.9284	0.9311	0.9286	0.9299	0.9298	0.929	0.9296	0.9286	0.9287	0.9288	0.931	0.9297	0.9288	0.9292	0.9299	0.9286	0.9296	0.9311	0.9288	0.9265	0.9286	0.929	0	0.9288	0.9294	0.9298	0.9286
  l	0.9291	0.9293	0.9299	0.9296	0.9288	0.9294	1.287	0.929	0.9299	0.9294	0.931	0.9313	0.9297	0.9293	0.9288	0.9308	0.9294	0.9295	0.9292	0.9382	0.9317	0.933	0.9288	1.2809	0.9302	0.9293	0.9301	0.9289	0.9288	1.4095	1.4009	0.9397	0.9305	0.9296	0.9302	0.9288	1.4031	0.9326	0.9291	0.9269	0.9292	0.9293	0.9288	0	0.9297	0.9307	0.9288
  m	0.936	0.9303	1.6699	1.0518	0.9294	0.9297	0.9324	0.9294	0.9588	0.9299	0.9316	0.9396	0.9298	0.9302	0.9296	0.931	0.93	0.93	0.9298	0.9302	0.9292	1.0238	0.9294	0.9418	1.2889	0.9303	0.9306	0.9294	0.9296	0.9296	0.9324	0.9328	0.9348	0.9305	2.5721	0.9294	0.9308	1.6621	0.93	0.9497	0.9294	1.3338	0.9294	0.9297	0	0.9319	0.9296
  n	0.9304	0.9524	0.9403	0.934	0.9299	0.9302	1.4407	0.9301	0.934	0.9305	0.9329	0.9366	0.931	0.9325	0.9301	0.9317	0.9304	0.9305	1.2324	0.9308	0.9299	3.3077	0.9298	1.248	1.227	0.9314	1.1055	0.9299	1.2129	0.9304	0.9907	1.8455	0.9308	0.9313	0.9331	0.9298	1.1143	1.3288	0.9493	0.9749	0.9301	0.931	0.9298	0.9307	0.9319	0	0.9301
  o	0.9289	0.9293	0.9303	0.9297	0.9286	0.9288	0.9296	0.9286	1.4041	0.929	0.9305	0.9311	0.9288	1.4058	0.9287	0.93	0.9291	0.929	0.929	0.9292	0.9284	1.8719	0.9286	0.9302	0.9303	0.9292	0.9295	0.9286	0.9288	0.9288	0.931	0.9343	0.9288	0.9293	0.9302	0.9286	0.9295	0.9315	0.9289	0.9273	0.9286	0.9291	0.9286	0.9288	0.9296	0.9301	0

Actual rates from j->i (Q_ij):
	A	B	C	D	E	F	G	H	I	J	K	L	M	N	O	P	Q	R	S	T	U	V	W	X	Y	Z	[	\	]	^	_	`	a	b	c	d	e	f	g	h	i	j	k	l	m	n	o
  A	0	0.0215	0.0216	0.0215	0.0215	0.0215	0.0215	0.0215	0.0215	0.0215	0.0215	0.0215	0.0215	0.0215	0.0215	0.0215	0.0215	0.0215	0.0215	0.0215	0.0215	0.0216	0.0215	0.0215	0.0248	0.0215	0.0215	0.0215	0.0215	0.0215	0.0215	0.0215	0.0215	0.0215	0.0248	0.0215	0.0215	0.03	0.0215	0.0214	0.0215	0.0215	0.0215	0.0215	0.0216	0.0215	0.0215
  B	0.0209	0	0.0226	0.0209	0.0209	0.0209	0.021	0.0209	0.0213	0.0209	0.0209	0.021	0.0209	0.0213	0.0209	0.0209	0.0209	0.0209	0.0209	0.0209	0.0209	0.03	0.0209	0.0209	0.0211	0.0209	0.0209	0.0209	0.0209	0.0209	0.021	0.021	0.0209	0.0209	0.0209	0.0209	0.0209	0.023	0.0222	0.0209	0.0209	0.0209	0.0209	0.0209	0.0209	0.0214	0.0209
  C	0.0209	0.0224	0	0.0208	0.0207	0.0207	0.0208	0.0207	0.0304	0.0208	0.0208	0.0383	0.0208	0.0214	0.0208	0.0208	0.0207	0.0207	0.0209	0.0208	0.0208	0.0442	0.0207	0.022	0.0252	0.0208	0.0208	0.0207	0.0312	0.0207	0.0208	0.0211	0.0208	0.0208	0.0692	0.0207	0.0208	0.0259	0.0212	0.0278	0.0207	0.0208	0.0207	0.0207	0.0372	0.021	0.0208
  D	0.0204	0.0204	0.0205	0	0.0204	0.0204	0.0207	0.0204	0.0205	0.0204	0.0204	0.0205	0.0204	0.0204	0.0204	0.0204	0.0204	0.0204	0.0204	0.0204	0.0204	0.0356	0.0204	0.0204	0.026	0.0204	0.0204	0.0204	0.0205	0.0204	0.0204	0.0306	0.0204	0.0204	0.0237	0.0204	0.0204	0.0206	0.0204	0.0225	0.0204	0.0204	0.0204	0.0204	0.0231	0.0205	0.0204
  E	0.0218	0.0218	0.0218	0.0218	0	0.0218	0.0218	0.0218	0.0218	0.0218	0.0219	0.0219	0.0218	0.0218	0.0218	0.0219	0.0218	0.0218	0.0218	0.0329	0.0218	0.0219	0.0218	0.0219	0.0219	0.0218	0.0219	0.0218	0.0218	0.0218	0.0219	0.0219	0.0218	0.0218	0.0219	0.0218	0.0218	0.0219	0.0218	0.0218	0.0218	0.0218	0.0218	0.0218	0.0218	0.0219	0.0218
  F	0.0217	0.0217	0.0218	0.0217	0.0217	0	0.0218	0.0217	0.0218	0.0217	0.0218	0.0218	0.0217	0.0217	0.0217	0.0218	0.0217	0.0217	0.0217	0.0218	0.0217	0.0218	0.0217	0.0218	0.0218	0.0217	0.0218	0.0217	0.0217	0.0288	0.029	0.0218	0.0217	0.0217	0.0218	0.0217	0.0218	0.0218	0.0217	0.0217	0.0217	0.0217	0.0217	0.0217	0.0217	0.0218	0.0217
  G	0.0177	0.0178	0.0177	0.0179	0.0177	0.0177	0	0.0177	0.0177	0.0177	0.0267	0.0278	0.0193	0.0177	0.0177	0.0182	0.0177	0.024	0.0177	0.0177	0.0267	0.0525	0.0177	0.0242	0.0191	0.0177	0.0177	0.0266	0.0177	0.0266	0.0391	0.041	0.0356	0.0177	0.0177	0.0177	0.0258	0.0186	0.0177	0.0199	0.0266	0.0177	0.0177	0.0244	0.0177	0.0274	0.0177
  H	0.0219	0.0219	0.0219	0.0219	0.0218	0.0219	0.0219	0	0.0219	0.0219	0.0219	0.0219	0.0219	0.0219	0.0218	0.0219	0.0219	0.0219	0.0219	0.0219	0.0218	0.0219	0.0218	0.0219	0.0219	0.0219	0.0219	0.0218	0.0218	0.0218	0.0219	0.0219	0.0219	0.0219	0.0219	0.0218	0.0334	0.0219	0.0328	0.0218	0.0219	0.0219	0.0218	0.0219	0.0219	0.0219	0.0218
  I	0.0164	0.0167	0.024	0.0164	0.0164	0.0164	0.0164	0.0164	0	0.0164	0.0164	0.0165	0.0164	0.0227	0.0166	0.0164	0.0164	0.0164	0.0164	0.0164	0.0217	0.0293	0.0164	0.0164	0.024	0.0164	0.0164	0.0164	0.0164	0.0164	0.0164	0.0298	0.0164	0.0164	0.0196	0.0164	0.0164	0.0167	0.0164	0.0496	0.0164	0.0164	0.0164	0.0164	0.0169	0.0164	0.0247
  J	0.0217	0.0217	0.0217	0.0217	0.0217	0.0217	0.0217	0.0217	0.0217	0	0.0257	0.0288	0.0217	0.0217	0.0217	0.0217	0.0217	0.0217	0.0217	0.0217	0.0217	0.0221	0.0217	0.0307	0.0217	0.0217	0.0217	0.0217	0.0217	0.0217	0.0217	0.0217	0.0217	0.0217	0.0217	0.0217	0.0217	0.0218	0.0217	0.0216	0.0217	0.0217	0.0217	0.0217	0.0217	0.0217	0.0217
  K	0.0219	0.0219	0.022	0.0219	0.0219	0.0219	0.0331	0.0219	0.0219	0.0259	0	0.0368	0.0219	0.031	0.0219	0.0219	0.0219	0.0219	0.0219	0.0219	0.0219	0.0322	0.0219	0.0349	0.0219	0.0222	0.0219	0.0219	0.0219	0.0219	0.022	0.0221	0.0332	0.0414	0.0219	0.0219	0.0273	0.0294	0.0219	0.0219	0.0219	0.0219	0.0219	0.0219	0.0219	0.0219	0.0219
  L	0.0173	0.0173	0.0319	0.0173	0.0172	0.0172	0.0271	0.0172	0.0174	0.0229	0.029	0	0.0172	0.0203	0.0173	0.0197	0.0173	0.0173	0.0236	0.0235	0.0172	0.0823	0.0172	0.0235	0.0249	0.0173	0.0203	0.0172	0.0172	0.0173	0.0179	0.0494	0.0173	0.0199	0.0173	0.0172	0.0173	0.0375	0.0173	0.0178	0.0172	0.0173	0.0172	0.0173	0.0174	0.0174	0.0173
  M	0.0131	0.0131	0.0131	0.0131	0.0131	0.0131	0.0143	0.0131	0.0131	0.0131	0.0131	0.0131	0	0.0131	0.0131	0.0133	0.0131	0.0131	0.0131	0.0131	0.0196	0.0132	0.0131	0.0131	0.0131	0.0197	0.0131	0.0131	0.0137	0.0131	0.0153	0.0322	0.0136	0.0131	0.0131	0.0131	0.0139	0.0264	0.0131	0.0865	0.0131	0.0131	0.0131	0.0131	0.0131	0.0131	0.0131
  N	0.0215	0.0219	0.0222	0.0215	0.0215	0.0215	0.0215	0.0215	0.0298	0.0215	0.0305	0.0253	0.0215	0	0.0215	0.0215	0.0215	0.0215	0.0215	0.0215	0.0215	0.0332	0.0215	0.0216	0.0216	0.0215	0.0215	0.0215	0.0215	0.0215	0.0216	0.0216	0.0215	0.0215	0.0215	0.0215	0.0215	0.0218	0.0216	0.0215	0.0215	0.0215	0.0215	0.0215	0.0215	0.0216	0.0325
  O	0.0207	0.0207	0.0208	0.0208	0.0207	0.0207	0.0208	0.0207	0.0211	0.0207	0.0208	0.0208	0.0207	0.0207	0	0.0208	0.0207	0.0207	0.0207	0.0207	0.0207	0.029	0.0207	0.0208	0.0208	0.0207	0.0208	0.0207	0.0207	0.0207	0.0208	0.0208	0.0207	0.0207	0.0208	0.0207	0.0208	0.0208	0.0207	0.0226	0.0207	0.0207	0.0207	0.0207	0.0208	0.0208	0.0207
  P	0.0226	0.0226	0.0227	0.0226	0.0227	0.0226	0.0233	0.0226	0.0226	0.0226	0.0227	0.0259	0.023	0.0226	0.0226	0	0.0298	0.0407	0.0226	0.0693	0.0226	0.0227	0.0226	0.0227	0.0227	0.0226	0.0307	0.0226	0.0226	0.0227	0.0464	0.0232	0.0226	0.0226	0.0227	0.0226	0.0231	0.0227	0.0226	0.0226	0.0226	0.0226	0.0226	0.0226	0.0226	0.0227	0.0226
  Q	0.0219	0.0219	0.0219	0.0219	0.0219	0.0219	0.0219	0.0219	0.0219	0.0219	0.0219	0.022	0.0219	0.0219	0.0219	0.0289	0	0.0332	0.0219	0.0229	0.0219	0.022	0.0219	0.0219	0.0219	0.0219	0.0219	0.0219	0.0219	0.0219	0.023	0.0219	0.0219	0.0219	0.0219	0.0219	0.0219	0.022	0.0219	0.0219	0.0219	0.0219	0.0219	0.0219	0.0219	0.0219	0.0219
  R	0.0226	0.0226	0.0226	0.0226	0.0226	0.0226	0.0307	0.0226	0.0226	0.0226	0.0226	0.0227	0.0226	0.0226	0.0226	0.0406	0.0342	0	0.0226	0.0234	0.0225	0.0227	0.0226	0.0226	0.0226	0.0226	0.0226	0.0226	0.0226	0.0226	0.0342	0.0262	0.0226	0.0226	0.0226	0.0226	0.0226	0.0226	0.0226	0.0225	0.0226	0.0226	0.0226	0.0226	0.0226	0.0226	0.0226
  S	0.0215	0.0215	0.0216	0.0215	0.0215	0.0215	0.0215	0.0215	0.0215	0.0215	0.0215	0.0294	0.0215	0.0215	0.0215	0.0215	0.0215	0.0215	0	0.0215	0.0215	0.0248	0.0215	0.0215	0.0215	0.0215	0.0215	0.0215	0.03	0.0215	0.0215	0.0323	0.0215	0.0215	0.0215	0.0215	0.0215	0.0216	0.0215	0.022	0.0215	0.0215	0.0215	0.0215	0.0215	0.0285	0.0215
  T	0.0227	0.0227	0.0227	0.0227	0.0341	0.0227	0.0227	0.0226	0.0227	0.0227	0.0227	0.0309	0.0227	0.0227	0.0226	0.0694	0.0236	0.0234	0.0227	0	0.0226	0.0227	0.0226	0.0227	0.0227	0.0227	0.0284	0.0226	0.0226	0.0343	0.0287	0.0228	0.0226	0.0227	0.0227	0.0226	0.0227	0.0227	0.0227	0.0226	0.0226	0.0227	0.0226	0.0229	0.0227	0.0227	0.0226
  U	0.009	0.009	0.009	0.009	0.009	0.009	0.0136	0.009	0.0119	0.009	0.009	0.009	0.0134	0.009	0.009	0.009	0.009	0.009	0.009	0.009	0	0.009	0.009	0.009	0.009	0.009	0.009	0.009	0.0113	0.018	0.0102	0.009	0.0092	0.009	0.009	0.009	0.0135	0.0122	0.009	0.1217	0.009	0.009	0.009	0.009	0.009	0.009	0.009
  V	0.0162	0.0231	0.0343	0.0281	0.0161	0.0161	0.0478	0.0161	0.0288	0.0164	0.0236	0.0768	0.0162	0.0249	0.0225	0.0162	0.0161	0.0162	0.0186	0.0161	0.0161	0	0.0161	0.0511	0.0463	0.0298	0.0162	0.0161	0.025	0.0161	0.0206	0.1253	0.0164	0.0198	0.0191	0.0161	0.0163	0.0748	0.0216	0.0366	0.0161	0.0185	0.0161	0.0161	0.0177	0.0572	0.0324
  W	0.0214	0.0214	0.0215	0.0215	0.0214	0.0214	0.0215	0.0214	0.0215	0.0214	0.0215	0.0215	0.0214	0.0214	0.0214	0.0215	0.0214	0.0214	0.0214	0.0215	0.0214	0.0215	0	0.0215	0.0215	0.0214	0.0215	0.0214	0.0214	0.0214	0.0215	0.0215	0.0214	0.0215	0.0215	0.0214	0.0215	0.0215	0.0214	0.0214	0.0214	0.0214	0.0214	0.0214	0.0215	0.0215	0.0214
  X	0.019	0.0191	0.0202	0.0191	0.019	0.019	0.026	0.019	0.0191	0.0269	0.0304	0.026	0.019	0.0191	0.019	0.0191	0.019	0.0191	0.019	0.019	0.0191	0.0605	0.019	0	0.0198	0.0223	0.0192	0.019	0.019	0.019	0.0356	0.0325	0.0264	0.0191	0.0203	0.019	0.0192	0.0726	0.019	0.019	0.019	0.0191	0.019	0.0262	0.0193	0.0255	0.019
  Y	0.0217	0.019	0.0228	0.0239	0.0188	0.0188	0.0203	0.0188	0.0275	0.0188	0.0189	0.0271	0.0188	0.0188	0.0188	0.0188	0.0188	0.0188	0.0188	0.0188	0.0188	0.054	0.0188	0.0196	0	0.0188	0.0188	0.0188	0.0236	0.0188	0.0189	0.0192	0.019	0.0188	0.0304	0.0188	0.0188	0.0342	0.019	0.0275	0.0188	0.0189	0.0188	0.0188	0.026	0.0248	0.0188
  Z	0.0208	0.0209	0.0209	0.0209	0.0208	0.0208	0.0209	0.0208	0.0209	0.0209	0.0212	0.0209	0.0314	0.0209	0.0208	0.0209	0.0209	0.0209	0.0209	0.0209	0.0208	0.0386	0.0208	0.0244	0.0209	0	0.0209	0.0208	0.0208	0.0208	0.0209	0.0253	0.0208	0.0209	0.0209	0.0208	0.0209	0.0286	0.0208	0.0208	0.0208	0.0283	0.0208	0.0208	0.0209	0.0209	0.0208
  [	0.0219	0.0219	0.022	0.0219	0.0219	0.0219	0.022	0.0219	0.022	0.0219	0.022	0.0258	0.0219	0.0219	0.0219	0.0298	0.022	0.022	0.0219	0.0275	0.0219	0.0221	0.0219	0.0221	0.022	0.0219	0	0.0219	0.0219	0.0219	0.025	0.0235	0.0219	0.022	0.022	0.0219	0.0322	0.0245	0.0219	0.0219	0.0219	0.0219	0.0219	0.0219	0.022	0.0261	0.0219
  \	0.0215	0.0215	0.0215	0.0215	0.0215	0.0215	0.0324	0.0215	0.0215	0.0215	0.0216	0.0216	0.0215	0.0215	0.0215	0.0216	0.0215	0.0215	0.0215	0.0215	0.0215	0.0216	0.0215	0.0216	0.0216	0.0215	0.0215	0	0.0215	0.0215	0.0216	0.0216	0.0215	0.0215	0.0216	0.0215	0.0216	0.0216	0.0215	0.0215	0.0215	0.0215	0.0215	0.0215	0.0215	0.0216	0.0215
  ]	0.0105	0.0105	0.0159	0.0106	0.0105	0.0105	0.0105	0.0105	0.0105	0.0105	0.0105	0.0105	0.011	0.0105	0.0105	0.0105	0.0105	0.0105	0.0147	0.0105	0.0132	0.0163	0.0105	0.0105	0.0132	0.0105	0.0105	0.0105	0	0.0105	0.0105	0.0105	0.0106	0.0158	0.0105	0.0105	0.0105	0.0106	0.0105	0.0921	0.0105	0.0105	0.0105	0.0105	0.0105	0.0137	0.0105
  ^	0.0222	0.0222	0.0222	0.0222	0.0222	0.0294	0.0334	0.0222	0.0222	0.0222	0.0222	0.0222	0.0222	0.0222	0.0222	0.0222	0.0222	0.0222	0.0222	0.0336	0.0445	0.0223	0.0222	0.0222	0.0222	0.0222	0.0222	0.0222	0.0222	0	0.0316	0.0331	0.0222	0.0222	0.0222	0.0222	0.0222	0.0223	0.0222	0.0222	0.0222	0.0222	0.0222	0.0337	0.0222	0.0222	0.0222
  _	0.0173	0.0173	0.0173	0.0173	0.0172	0.023	0.0381	0.0173	0.0173	0.0173	0.0173	0.0179	0.0201	0.0173	0.0172	0.0353	0.0181	0.0261	0.0173	0.0218	0.0196	0.0221	0.0172	0.0322	0.0173	0.0173	0.0197	0.0172	0.0172	0.0245	0	0.0284	0.0173	0.0173	0.0173	0.0172	0.0208	0.0277	0.0173	0.0418	0.0173	0.0173	0.0172	0.0259	0.0173	0.0184	0.0172
  `	0.0132	0.0132	0.0134	0.0198	0.0132	0.0132	0.0306	0.0132	0.024	0.0132	0.0133	0.0379	0.0325	0.0133	0.0132	0.0135	0.0132	0.0153	0.0198	0.0133	0.0132	0.1028	0.0132	0.0226	0.0135	0.016	0.0142	0.0132	0.0132	0.0197	0.0218	0	0.0175	0.0132	0.0133	0.0132	0.0153	0.0641	0.0132	0.015	0.0132	0.022	0.0132	0.0133	0.0132	0.0262	0.0133
  a	0.0161	0.0161	0.0161	0.0161	0.0161	0.0161	0.0325	0.0161	0.0161	0.0161	0.0244	0.0162	0.0168	0.0161	0.0161	0.0161	0.0161	0.0161	0.0161	0.0161	0.0164	0.0164	0.0161	0.0223	0.0162	0.0161	0.0161	0.0161	0.0163	0.0161	0.0161	0.0214	0	0.0177	0.0164	0.0161	0.0161	0.0246	0.0161	0.0648	0.0161	0.0161	0.0161	0.0161	0.0162	0.0161	0.0161
  b	0.0213	0.0213	0.0214	0.0213	0.0213	0.0213	0.0213	0.0213	0.0213	0.0213	0.0403	0.0246	0.0213	0.0213	0.0213	0.0213	0.0213	0.0213	0.0213	0.0213	0.0213	0.0262	0.0213	0.0214	0.0213	0.0213	0.0213	0.0213	0.032	0.0213	0.0214	0.0214	0.0234	0	0.0213	0.0213	0.0259	0.0328	0.0213	0.0213	0.0213	0.0213	0.0213	0.0213	0.0213	0.0213	0.0213
  c	0.0248	0.0215	0.0715	0.0249	0.0215	0.0215	0.0215	0.0215	0.0256	0.0215	0.0215	0.0216	0.0215	0.0215	0.0215	0.0215	0.0215	0.0215	0.0215	0.0215	0.0214	0.0254	0.0215	0.0229	0.0347	0.0215	0.0215	0.0215	0.0215	0.0215	0.0215	0.0216	0.0219	0.0215	0	0.0215	0.0215	0.0529	0.0215	0.0223	0.0215	0.025	0.0215	0.0215	0.0593	0.0215	0.0215
  d	0.0214	0.0214	0.0215	0.0215	0.0214	0.0214	0.0215	0.0214	0.0215	0.0214	0.0215	0.0215	0.0214	0.0214	0.0214	0.0215	0.0214	0.0214	0.0214	0.0215	0.0214	0.0215	0.0214	0.0215	0.0215	0.0214	0.0215	0.0214	0.0214	0.0214	0.0215	0.0215	0.0214	0.0215	0.0215	0	0.0215	0.0215	0.0214	0.0214	0.0214	0.0214	0.0214	0.0214	0.0215	0.0215	0.0214
  e	0.0219	0.0219	0.0219	0.0219	0.0219	0.0219	0.0319	0.0334	0.0219	0.0219	0.0273	0.022	0.0231	0.0219	0.0219	0.0223	0.0219	0.0219	0.0219	0.0219	0.0328	0.0222	0.0219	0.0221	0.0219	0.0219	0.0321	0.0219	0.0219	0.0219	0.0264	0.0253	0.0219	0.0266	0.0219	0.0219	0	0.0274	0.0221	0.0218	0.033	0.0219	0.0219	0.033	0.0219	0.0262	0.0219
  f	0.0234	0.0184	0.0209	0.0169	0.0168	0.0168	0.0176	0.0168	0.0171	0.0168	0.0225	0.0365	0.0338	0.017	0.0168	0.0168	0.0168	0.0168	0.0168	0.0168	0.0227	0.078	0.0168	0.064	0.0305	0.023	0.0187	0.0168	0.0168	0.0169	0.027	0.0814	0.0256	0.0258	0.0414	0.0168	0.021	0	0.0184	0.0204	0.0168	0.0191	0.0168	0.0168	0.03	0.024	0.0168
  g	0.0215	0.0229	0.022	0.0215	0.0215	0.0215	0.0216	0.0323	0.0216	0.0215	0.0216	0.0216	0.0215	0.0216	0.0215	0.0215	0.0215	0.0215	0.0215	0.0215	0.0215	0.0289	0.0215	0.0216	0.0217	0.0215	0.0215	0.0215	0.0215	0.0215	0.0216	0.0216	0.0215	0.0215	0.0216	0.0215	0.0217	0.0237	0	0.0215	0.0215	0.0215	0.0215	0.0215	0.0215	0.022	0.0215
  h	0.0175	0.0176	0.0236	0.0194	0.0175	0.0175	0.0198	0.0175	0.0532	0.0175	0.0176	0.0181	0.1159	0.0175	0.0191	0.0175	0.0175	0.0175	0.018	0.0175	0.2377	0.04	0.0175	0.0176	0.0257	0.0175	0.0175	0.0175	0.1537	0.0175	0.0426	0.02	0.0707	0.0175	0.0183	0.0175	0.0176	0.0214	0.0176	0	0.0175	0.0175	0.0175	0.0175	0.0179	0.0184	0.0175
  i	0.0218	0.0218	0.0219	0.0219	0.0218	0.0218	0.033	0.0218	0.0219	0.0218	0.0219	0.0219	0.0219	0.0219	0.0218	0.0219	0.0219	0.0219	0.0218	0.0219	0.0219	0.0219	0.0218	0.0219	0.0219	0.0218	0.0219	0.0218	0.0218	0.0219	0.0219	0.0219	0.0218	0.0219	0.0219	0.0218	0.033	0.0219	0.0218	0.0218	0	0.0218	0.0218	0.0219	0.0219	0.0219	0.0218
  j	0.0216	0.0216	0.0216	0.0216	0.0216	0.0216	0.0216	0.0216	0.0216	0.0216	0.0216	0.0216	0.0216	0.0216	0.0216	0.0216	0.0216	0.0216	0.0216	0.0216	0.0216	0.0248	0.0216	0.0217	0.0217	0.0293	0.0216	0.0216	0.0216	0.0216	0.0216	0.0359	0.0216	0.0216	0.0251	0.0216	0.0216	0.0245	0.0216	0.0215	0.0216	0	0.0216	0.0216	0.031	0.0216	0.0216
  k	0.0214	0.0214	0.0215	0.0215	0.0214	0.0214	0.0215	0.0214	0.0215	0.0214	0.0215	0.0215	0.0214	0.0214	0.0214	0.0215	0.0214	0.0214	0.0214	0.0215	0.0214	0.0215	0.0214	0.0215	0.0215	0.0214	0.0215	0.0214	0.0214	0.0214	0.0215	0.0215	0.0214	0.0215	0.0215	0.0214	0.0215	0.0215	0.0214	0.0214	0.0214	0.0214	0	0.0214	0.0215	0.0215	0.0214
  l	0.0225	0.0225	0.0225	0.0225	0.0225	0.0225	0.0311	0.0225	0.0225	0.0225	0.0225	0.0225	0.0225	0.0225	0.0225	0.0225	0.0225	0.0225	0.0225	0.0227	0.0225	0.0226	0.0225	0.031	0.0225	0.0225	0.0225	0.0225	0.0225	0.0341	0.0339	0.0227	0.0225	0.0225	0.0225	0.0225	0.0339	0.0226	0.0225	0.0224	0.0225	0.0225	0.0225	0	0.0225	0.0225	0.0225
  m	0.0228	0.0226	0.0406	0.0256	0.0226	0.0226	0.0227	0.0226	0.0233	0.0226	0.0227	0.0228	0.0226	0.0226	0.0226	0.0226	0.0226	0.0226	0.0226	0.0226	0.0226	0.0249	0.0226	0.0229	0.0313	0.0226	0.0226	0.0226	0.0226	0.0226	0.0227	0.0227	0.0227	0.0226	0.0625	0.0226	0.0226	0.0404	0.0226	0.0231	0.0226	0.0324	0.0226	0.0226	0	0.0227	0.0226
  n	0.0191	0.0196	0.0193	0.0192	0.0191	0.0191	0.0296	0.0191	0.0192	0.0191	0.0192	0.0192	0.0191	0.0192	0.0191	0.0191	0.0191	0.0191	0.0253	0.0191	0.0191	0.068	0.0191	0.0256	0.0252	0.0191	0.0227	0.0191	0.0249	0.0191	0.0204	0.0379	0.0191	0.0191	0.0192	0.0191	0.0229	0.0273	0.0195	0.02	0.0191	0.0191	0.0191	0.0191	0.0192	0	0.0191
  o	0.0203	0.0203	0.0203	0.0203	0.0203	0.0203	0.0203	0.0203	0.0306	0.0203	0.0203	0.0203	0.0203	0.0307	0.0203	0.0203	0.0203	0.0203	0.0203	0.0203	0.0203	0.0408	0.0203	0.0203	0.0203	0.0203	0.0203	0.0203	0.0203	0.0203	0.0203	0.0204	0.0203	0.0203	0.0203	0.0203	0.0203	0.0203	0.0203	0.0202	0.0203	0.0203	0.0203	0.0203	0.0203	0.0203	0

